1000
1 2
1 3
1 4
1 6
1 263
1 777
1 10
1 396
1 16
1 666
1 156
1 157
1 30
1 416
1 295
1 940
1 175
1 49
1 434
1 308
1 182
1 696
1 570
1 188
1 190
1 324
1 374
1 722
1 471
1 600
1 223
1 870
1 956
1 493
1 117
1 246
1 763
1 639
2 512
2 3
2 5
2 7
2 9
2 12
2 14
2 319
2 554
2 451
2 20
2 662
2 535
2 25
2 411
2 346
2 589
2 33
2 34
2 675
2 37
2 551
2 296
2 42
2 519
2 44
2 815
2 946
2 563
2 54
2 952
2 526
2 830
2 191
2 64
2 322
2 67
2 582
2 417
2 457
2 74
2 461
2 335
2 210
2 995
2 341
2 88
2 90
2 347
2 478
2 991
2 737
2 507
2 742
2 104
2 106
2 751
2 112
2 113
2 787
2 116
2 502
2 247
2 760
2 251
2 234
2 975
3 128
3 171
3 36
3 571
3 487
3 795
3 73
3 827
3 87
3 418
3 13
3 256
3 15
3 876
3 980
3 430
3 23
3 442
3 443
4 239
4 18
4 633
4 314
4 61
5 257
5 261
5 266
5 655
5 272
5 24
5 26
5 28
5 158
5 159
5 432
5 39
5 425
5 299
5 48
5 394
5 452
5 199
5 85
5 861
5 102
5 619
5 499
5 631
5 254
6 645
6 966
6 8
6 780
6 562
6 283
6 127
7 82
7 879
7 786
7 51
7 27
7 924
8 409
9 17
9 11
10 674
10 38
10 103
10 491
10 301
10 894
11 385
11 932
11 328
11 302
11 914
11 439
11 664
11 638
12 35
12 516
12 485
12 518
12 72
12 339
12 363
12 226
12 46
12 498
12 19
12 659
12 183
12 964
12 765
14 397
14 21
14 278
14 162
15 985
16 672
16 644
16 933
16 205
16 371
16 921
16 831
17 643
17 136
17 276
17 291
17 40
17 91
17 435
17 53
17 905
17 697
17 192
17 65
17 66
17 197
17 842
17 57
17 859
17 92
17 862
17 110
17 756
17 119
18 217
18 323
18 454
18 334
19 896
19 708
19 773
19 231
19 428
19 303
19 822
19 29
20 32
20 68
20 392
20 906
20 22
20 155
20 255
21 749
22 387
22 71
22 108
22 823
22 172
22 79
22 114
22 885
22 300
22 604
23 356
23 359
23 41
23 682
23 45
23 437
23 630
23 632
23 698
23 63
24 353
24 804
24 229
24 198
24 391
24 844
24 75
24 76
24 678
24 481
24 189
26 523
26 170
26 139
26 911
26 789
26 213
26 598
26 58
26 219
26 767
27 130
27 412
27 459
27 269
27 333
27 50
27 83
27 770
27 839
27 316
27 253
28 496
29 120
29 754
29 468
29 214
30 168
30 653
30 238
30 31
31 282
31 355
32 338
33 99
33 422
33 556
33 522
33 524
33 366
33 414
34 241
34 196
35 52
35 386
36 80
37 148
37 703
38 307
38 403
38 646
39 673
39 648
39 43
39 81
39 306
40 660
40 692
40 311
40 916
40 59
41 473
41 821
41 95
41 77
42 173
42 405
43 204
43 62
44 47
45 329
45 970
45 852
45 123
45 382
47 865
47 163
47 740
47 486
47 681
47 557
47 878
47 208
47 530
47 147
47 857
47 895
48 55
49 762
50 520
50 268
50 146
50 154
50 927
50 160
50 297
50 180
50 60
50 225
50 714
50 332
50 462
50 593
50 594
50 216
50 350
50 97
50 98
50 361
50 235
50 109
50 240
50 626
50 373
50 511
51 312
52 965
52 971
52 590
52 177
52 818
52 56
52 153
52 508
53 124
54 342
55 611
55 469
55 215
55 987
55 380
56 544
56 514
56 259
56 262
56 200
56 138
56 501
56 152
56 186
56 725
57 69
59 408
59 93
60 489
60 383
61 245
63 368
63 185
63 131
64 393
64 202
66 389
66 70
66 369
66 105
66 460
66 280
67 132
67 426
67 78
67 433
67 86
68 140
69 851
69 249
70 453
70 492
70 133
70 135
71 583
71 237
71 242
71 275
71 150
71 122
72 776
72 957
73 89
73 881
73 423
74 320
74 925
74 207
76 504
76 704
76 141
78 941
78 143
78 850
78 470
78 954
79 718
79 181
79 729
79 764
79 893
80 986
81 450
81 463
81 84
81 310
83 129
84 798
85 96
85 161
85 290
85 603
85 691
85 395
85 706
85 270
85 336
85 209
85 595
85 788
85 277
85 118
85 187
85 221
86 572
86 726
87 376
87 769
87 284
87 477
88 555
88 427
88 166
88 424
88 265
88 107
88 174
88 943
88 505
88 625
88 680
88 318
88 343
88 184
88 121
88 797
88 94
89 897
89 909
89 273
89 340
89 661
89 713
90 115
90 364
90 669
91 404
91 149
92 101
92 837
92 761
93 436
93 900
93 100
93 702
94 608
94 993
94 194
94 134
94 968
94 169
94 490
94 809
94 588
94 354
94 344
94 151
94 667
94 381
94 671
95 203
97 384
97 997
97 494
97 243
97 472
97 281
99 326
99 111
99 144
99 978
99 506
100 337
100 805
100 860
100 449
101 224
101 820
101 531
102 401
102 482
103 701
103 137
103 782
103 367
103 816
103 201
103 824
103 125
103 542
108 521
108 260
108 601
109 325
109 565
111 785
112 142
115 606
115 735
116 670
117 658
117 126
119 803
120 875
120 195
120 942
123 712
123 349
124 753
125 559
127 298
129 402
129 564
129 399
130 778
130 495
130 179
130 407
134 421
134 871
134 271
134 145
134 212
134 351
136 419
136 230
136 983
136 315
136 222
137 211
137 845
139 228
139 898
139 902
143 176
143 835
143 884
143 955
144 287
144 679
144 167
146 808
147 480
147 585
147 413
147 832
149 178
151 812
152 880
152 372
155 657
155 695
155 415
156 365
156 621
156 723
156 596
156 829
157 736
157 252
159 833
159 164
159 775
159 654
159 500
159 447
161 864
161 967
161 286
161 165
162 193
162 747
163 232
163 233
163 874
163 398
165 244
167 623
168 400
168 836
170 586
171 313
174 560
174 748
174 614
175 218
176 607
177 220
178 532
179 685
180 959
182 288
182 863
182 293
182 605
183 539
190 206
190 305
190 915
190 248
190 377
191 979
191 887
192 446
192 279
193 636
195 882
195 806
195 375
196 652
198 799
202 732
202 613
202 534
203 561
203 327
204 1000
208 768
210 390
210 615
210 331
210 917
210 856
211 792
212 274
213 913
213 923
213 236
214 456
214 467
214 533
215 576
215 848
217 513
217 358
221 227
221 479
222 838
223 345
224 918
225 548
226 720
226 892
226 309
228 779
228 693
230 937
233 267
233 497
235 960
235 289
235 694
235 529
238 250
238 868
238 357
239 379
241 406
243 264
243 429
244 538
245 360
245 285
248 304
248 719
251 445
253 998
255 575
256 258
257 553
257 587
257 988
257 663
265 618
265 292
274 568
277 330
277 431
277 466
277 438
277 348
280 294
282 441
282 525
285 684
285 370
285 731
285 388
286 549
286 934
289 476
290 483
290 455
297 597
301 635
301 651
301 707
305 378
305 999
306 510
309 321
309 579
309 578
309 558
309 465
309 627
312 617
312 458
312 989
314 847
314 811
314 527
314 537
314 699
314 317
315 982
316 616
325 546
326 581
330 620
335 352
335 550
335 984
335 825
335 410
338 528
338 656
338 783
339 545
341 858
341 846
344 464
346 584
347 687
348 953
348 716
350 547
353 622
355 577
357 741
361 362
362 484
366 936
367 503
370 541
386 826
386 715
388 781
394 517
398 688
398 907
398 949
406 683
408 474
410 963
411 739
411 710
411 574
412 973
417 724
419 440
419 420
421 744
424 819
424 935
425 612
427 599
429 810
433 488
433 566
434 444
434 637
442 629
443 448
443 602
443 591
444 926
446 733
447 951
448 938
448 668
449 800
450 475
450 793
451 930
452 552
454 647
464 843
464 540
469 711
471 573
473 610
475 536
475 849
475 628
475 509
478 743
482 567
482 974
482 543
483 904
483 580
485 515
487 855
504 730
504 899
506 642
507 717
510 690
512 758
522 592
531 728
531 755
536 766
537 922
542 791
549 890
549 939
551 944
551 901
552 928
552 759
555 634
556 996
556 790
556 569
559 641
560 772
562 867
571 828
571 931
573 840
574 649
576 677
577 705
580 650
581 738
582 947
583 686
587 665
590 877
594 908
599 689
602 609
602 994
605 807
610 853
613 752
613 721
613 912
615 624
615 972
616 883
622 919
624 640
627 969
634 961
634 950
637 784
638 700
641 814
643 709
644 796
649 676
656 813
656 727
663 977
666 750
666 929
679 794
679 886
692 866
693 757
694 948
695 889
699 746
718 734
720 774
735 771
736 920
736 990
741 745
749 801
759 802
761 834
762 945
763 873
789 817
789 981
810 903
811 910
818 888
828 891
837 854
839 841
843 869
847 872
857 992
888 962
935 976
946 958
