1000
1 769
1 2
1 3
1 4
1 5
1 6
1 8
1 9
1 10
1 132
1 269
1 398
1 18
1 19
1 21
1 22
1 24
1 25
1 154
1 175
1 29
1 30
1 162
1 390
1 38
1 157
1 392
1 819
1 542
1 918
1 137
1 568
1 650
1 63
1 576
1 66
1 836
1 326
1 455
1 74
1 75
1 80
1 977
1 83
1 724
1 982
1 87
1 89
1 996
1 422
1 104
1 797
1 370
1 504
1 250
1 191
1 380
1 277
2 3
2 4
2 5
2 6
2 7
2 9
2 10
2 11
2 12
2 13
2 15
2 16
2 531
2 21
2 23
2 24
2 25
2 27
2 28
2 541
2 32
2 34
2 549
2 40
2 46
2 47
2 53
2 568
2 57
2 58
2 61
2 695
2 79
2 81
2 82
2 92
2 99
2 100
2 102
2 621
2 110
2 626
2 118
2 121
2 640
2 134
2 136
2 144
2 147
2 150
2 153
2 157
2 158
2 671
2 166
2 169
2 686
2 689
2 690
2 182
2 183
2 184
2 187
2 188
2 196
2 203
2 206
2 210
2 212
2 223
2 750
2 248
2 249
2 762
2 252
2 264
2 268
2 278
2 282
2 800
2 302
2 305
2 820
2 824
2 828
2 830
2 339
2 340
2 343
2 863
2 864
2 365
2 375
2 901
2 395
2 400
2 409
2 525
2 415
2 416
2 933
2 940
2 948
2 951
2 440
2 927
2 448
2 965
2 457
2 462
2 477
2 851
2 505
2 507
3 4
3 5
3 6
3 7
3 8
3 10
3 11
3 16
3 17
3 18
3 19
3 26
3 543
3 36
3 44
3 558
3 56
3 58
3 68
3 581
3 72
3 780
3 82
3 603
3 96
3 97
3 633
3 634
3 126
3 640
3 129
3 142
3 663
3 161
3 162
3 172
3 824
3 689
3 185
3 705
3 200
3 203
3 205
3 206
3 207
3 737
3 739
3 743
3 764
3 254
3 266
3 267
3 268
3 795
3 799
3 807
3 809
3 307
3 310
3 312
3 830
3 320
3 834
3 337
3 354
3 360
3 363
3 879
3 886
3 379
3 385
3 387
3 413
3 929
3 428
3 946
3 585
3 447
3 458
3 986
3 995
3 484
3 999
3 498
4 5
4 6
4 7
4 136
4 9
4 215
4 12
4 386
4 14
4 15
4 152
4 19
4 300
4 533
4 151
4 24
4 27
4 30
4 133
4 767
4 795
4 261
4 678
4 808
4 681
4 170
4 43
4 44
4 983
4 306
4 435
4 158
4 54
4 55
4 641
4 159
4 60
4 586
4 735
4 565
4 279
4 705
4 502
4 967
4 202
4 479
4 226
4 336
4 821
4 142
4 470
4 87
4 345
4 858
4 861
4 280
4 95
4 736
4 98
4 699
4 614
4 487
4 744
4 745
4 108
4 630
4 368
4 113
4 242
4 372
4 118
4 937
4 248
4 251
4 252
4 381
4 126
4 255
5 6
5 8
5 393
5 271
5 324
5 156
5 413
5 491
5 544
5 348
5 42
5 684
5 47
5 438
5 952
5 452
5 28
5 974
5 729
5 92
5 107
5 878
5 752
5 631
5 505
6 393
6 791
6 13
6 993
6 23
6 155
6 29
6 159
6 32
6 417
6 261
6 165
6 39
6 777
6 173
6 302
6 905
6 50
6 691
6 53
6 694
6 183
6 574
6 194
6 71
6 141
6 720
6 337
6 211
6 857
6 91
6 220
6 350
6 96
6 97
6 491
6 434
6 495
6 511
7 134
7 265
7 266
7 11
7 450
7 14
7 493
7 529
7 787
7 532
7 277
7 534
7 23
7 408
7 666
7 944
7 861
7 33
7 289
7 932
7 677
7 38
7 681
7 42
7 299
7 142
7 349
7 48
7 270
7 564
7 309
7 822
7 55
7 56
7 186
7 444
7 829
7 702
7 448
7 194
7 587
7 325
7 582
7 71
7 72
7 204
7 75
7 76
7 461
7 78
7 79
7 208
7 83
7 85
7 86
7 89
7 91
7 93
7 783
7 353
7 610
7 483
7 357
7 230
7 785
7 361
7 874
7 107
7 642
7 237
7 368
7 938
7 383
7 884
7 245
7 634
7 123
7 170
7 213
8 692
8 772
8 727
8 492
8 471
8 910
8 15
8 814
8 515
8 21
8 663
8 920
8 665
8 538
8 29
8 31
8 32
8 33
8 34
8 35
8 602
8 659
8 711
8 40
8 41
8 327
8 690
8 430
8 48
8 306
8 307
8 52
8 726
8 56
8 436
8 314
8 60
8 575
8 451
8 68
8 199
8 329
8 714
8 589
8 78
8 80
8 953
8 212
8 598
8 87
8 90
8 606
8 223
8 608
8 912
8 229
8 357
8 572
8 106
8 999
8 236
8 110
8 168
8 371
8 629
8 617
8 959
8 362
8 382
9 776
9 13
9 143
9 401
9 928
9 36
9 39
9 297
9 558
9 181
9 311
9 949
9 65
9 69
9 737
9 456
9 586
9 75
9 213
9 726
9 601
9 603
9 732
9 485
9 353
9 356
9 229
9 17
9 231
9 504
10 645
10 425
10 175
10 246
10 55
10 303
11 512
11 12
11 653
11 143
11 17
11 786
11 20
11 533
11 415
11 160
11 293
11 38
11 170
11 45
11 436
11 54
11 194
11 708
11 198
11 77
11 352
11 111
12 129
12 14
12 167
12 544
12 295
12 423
12 424
12 810
12 943
12 177
12 439
12 317
12 322
12 327
12 84
12 481
12 98
12 102
12 39
12 445
12 498
12 378
12 381
13 648
13 395
13 770
13 399
13 16
13 18
13 22
13 537
13 26
13 28
13 36
13 37
13 166
13 40
13 174
13 944
13 49
13 693
13 438
13 833
13 963
13 54
13 646
13 591
13 342
13 292
13 719
13 732
13 733
13 862
13 358
13 488
13 490
13 566
13 628
13 630
13 122
13 637
14 163
14 71
14 301
14 397
14 20
14 26
14 319
14 92
14 31
15 256
15 518
15 267
15 20
15 792
15 900
15 538
15 414
15 287
15 930
15 165
15 169
15 45
15 46
15 176
15 440
15 61
15 192
15 758
15 200
15 213
15 348
15 221
15 94
15 869
15 741
15 103
15 494
15 374
16 701
16 549
16 78
16 77
16 112
16 462
16 665
16 335
16 220
16 285
16 319
17 642
17 392
17 266
17 145
17 22
17 151
17 709
17 672
17 295
17 41
17 439
17 313
17 197
17 583
17 88
17 474
17 347
17 94
17 98
17 227
17 101
17 102
17 551
17 625
17 500
17 120
18 306
18 189
19 128
19 645
19 263
19 526
19 662
19 388
19 798
19 422
19 41
19 46
19 817
19 313
19 188
19 74
19 716
19 334
19 606
19 232
19 106
19 937
19 765
20 648
20 148
20 534
20 794
20 798
20 287
20 34
20 675
20 164
20 42
20 558
20 51
20 309
20 31
20 577
20 707
20 70
20 456
20 398
20 856
20 859
20 478
20 95
20 225
20 746
20 241
20 117
20 250
20 507
21 932
21 214
21 103
21 215
21 237
21 750
21 653
21 400
21 786
21 853
21 182
21 119
21 59
21 62
21 799
22 706
22 459
22 388
22 331
22 204
22 334
22 175
22 50
22 180
22 216
22 121
22 660
22 636
22 914
23 887
23 67
23 389
23 113
23 553
23 451
23 304
23 145
23 274
23 227
23 691
23 151
23 414
23 926
24 811
24 134
24 897
24 521
24 139
24 386
24 685
24 533
24 25
24 925
24 158
24 159
24 35
24 37
24 294
24 296
24 892
24 171
24 45
24 48
24 433
24 563
24 52
24 649
24 316
24 191
24 66
24 67
24 713
24 460
24 77
24 207
24 977
24 338
24 854
24 343
24 88
24 476
24 351
24 100
24 486
24 873
24 874
24 108
24 369
24 114
24 244
24 504
24 124
24 637
25 384
25 137
25 401
25 27
25 30
25 47
25 328
25 695
25 441
25 190
25 575
25 480
25 68
25 72
25 86
25 569
25 221
25 478
25 352
25 359
25 360
25 93
25 499
25 372
25 574
26 320
26 130
26 132
26 394
26 258
26 912
26 643
26 161
26 676
26 424
26 688
26 312
26 57
26 63
26 64
26 834
26 963
26 196
26 966
26 850
26 270
26 473
26 860
26 221
26 739
26 239
26 881
26 251
27 321
27 945
27 76
27 751
27 689
27 402
27 181
27 441
27 122
27 923
27 764
27 62
28 33
28 835
28 37
28 358
28 871
28 520
28 974
28 814
28 335
28 241
28 178
28 318
28 59
28 126
29 418
29 67
29 228
29 70
29 481
29 906
29 79
29 58
29 827
30 993
30 907
30 563
30 122
31 35
31 592
31 946
32 647
32 273
32 148
32 410
32 545
32 166
32 304
32 50
32 53
32 59
32 830
32 193
32 454
32 844
32 595
32 471
32 96
32 97
32 101
32 882
32 503
32 378
33 486
33 137
33 144
33 150
33 508
33 63
34 167
34 268
34 43
34 108
34 429
34 878
34 591
34 209
34 594
34 946
34 60
34 958
34 767
35 260
35 293
35 966
35 497
35 970
35 104
35 380
35 638
36 644
36 527
36 786
36 793
36 290
36 551
36 298
36 43
36 44
36 939
36 177
36 179
36 437
36 905
36 576
36 747
36 966
36 333
36 525
36 594
36 467
36 340
36 728
36 475
36 979
36 991
36 609
36 749
36 679
36 364
36 109
36 114
36 627
36 628
36 120
36 249
36 767
36 255
37 129
37 323
37 776
37 357
37 536
37 257
37 600
37 73
37 550
37 403
37 110
37 124
37 147
37 374
37 119
37 281
37 831
38 197
38 51
38 724
38 117
38 88
38 218
38 700
38 373
39 69
39 583
39 430
39 561
39 530
39 693
39 479
40 262
40 779
40 933
40 136
40 52
40 822
40 568
40 698
40 573
40 576
40 971
40 464
40 593
40 483
40 90
40 355
40 363
40 239
40 247
41 706
41 163
41 854
41 57
43 557
43 303
43 913
43 788
43 922
43 911
44 130
44 355
44 549
44 678
44 363
44 514
44 619
44 916
44 373
44 217
44 696
44 730
44 923
44 997
45 747
45 263
45 287
45 49
45 180
45 323
45 69
45 201
45 599
45 344
45 356
45 346
45 94
45 735
45 353
45 100
45 615
45 618
45 235
45 115
46 896
46 257
46 132
46 264
46 138
46 400
46 660
46 411
46 291
46 555
46 49
46 179
46 826
46 62
46 961
46 66
46 840
46 83
46 225
46 101
46 107
46 111
46 115
46 246
46 511
47 260
47 857
47 339
47 396
47 238
47 176
47 595
47 51
47 500
47 85
47 599
47 654
47 510
47 725
49 230
49 70
49 74
49 208
49 376
49 314
49 93
50 613
50 73
50 106
50 76
50 109
50 116
50 668
50 895
51 553
51 308
51 405
51 982
51 154
51 751
51 190
52 486
53 323
53 330
53 301
53 783
53 440
53 123
53 444
53 383
54 86
54 358
54 135
54 73
54 613
54 273
54 118
54 539
54 508
54 453
55 128
55 608
55 609
55 832
55 105
55 810
55 588
55 694
55 688
55 145
55 244
55 682
55 502
55 425
55 90
55 539
55 189
55 709
56 868
56 393
56 104
56 419
56 310
56 539
56 284
57 896
57 130
57 61
57 205
57 147
57 789
57 150
57 125
57 318
58 480
58 167
58 488
58 171
58 141
58 559
58 144
58 465
58 530
58 952
58 372
58 310
58 760
58 354
58 299
58 730
58 315
58 286
59 64
59 240
59 419
59 65
59 141
59 80
59 945
59 342
59 479
59 149
60 745
60 527
60 275
60 671
61 64
61 396
61 204
61 81
61 506
61 989
62 65
62 803
62 789
62 385
62 338
62 563
62 244
62 470
62 222
62 671
63 324
63 426
63 877
63 944
63 211
63 149
63 567
63 510
63 187
63 604
63 125
63 446
63 309
64 133
64 326
64 458
64 370
64 697
65 827
65 837
65 111
65 84
65 182
65 120
65 985
65 156
65 607
66 103
66 683
66 304
66 112
66 784
67 161
67 674
67 710
67 201
67 906
67 919
67 210
67 335
67 82
67 212
67 692
68 386
68 587
68 296
68 531
68 823
68 95
69 203
69 496
69 278
69 247
69 376
69 665
70 131
70 869
70 710
70 113
70 274
70 701
70 242
70 899
70 950
70 404
70 220
70 979
71 305
71 792
71 411
71 958
72 162
72 677
72 939
72 172
72 950
73 777
73 276
73 887
74 913
74 115
74 228
74 81
74 1000
74 489
74 403
74 109
74 499
74 644
74 84
74 841
74 184
74 516
74 623
75 651
75 155
75 412
75 164
75 284
75 257
75 178
75 434
75 821
75 189
75 326
75 206
75 468
75 469
75 345
75 230
75 232
75 493
75 937
75 370
75 243
75 631
75 377
76 840
76 463
76 116
76 345
76 89
76 154
76 476
77 156
77 427
78 602
78 660
79 288
79 384
79 804
79 138
79 909
79 271
79 416
79 603
79 415
80 224
80 226
80 251
80 292
80 165
80 775
80 105
80 333
80 815
80 899
80 436
80 889
80 408
80 468
81 160
81 484
81 361
81 619
81 322
81 397
81 305
81 85
81 119
81 121
81 218
81 802
81 394
81 319
82 260
82 390
82 262
82 457
82 332
82 783
82 818
82 245
82 91
82 469
83 864
83 99
83 485
83 297
83 135
83 557
83 559
83 180
83 114
83 116
83 430
83 148
84 140
84 222
85 160
85 832
85 195
85 325
85 649
85 748
85 914
85 611
85 399
85 286
86 473
86 388
86 199
86 202
86 172
86 825
86 185
86 315
86 970
86 895
87 646
87 297
87 522
87 235
87 149
87 347
87 607
88 614
88 135
88 298
88 171
88 211
88 153
89 518
89 781
89 112
89 340
90 384
90 608
90 598
90 554
90 818
90 597
90 246
90 281
90 282
90 350
91 192
91 146
91 841
91 273
91 178
91 177
91 919
91 472
91 253
92 258
92 99
92 812
92 300
92 301
92 146
92 371
92 761
92 483
93 290
93 728
93 754
93 469
93 216
94 395
94 947
94 724
95 389
95 105
95 138
95 797
95 849
95 317
95 926
95 741
96 833
96 648
96 174
96 467
96 948
97 259
97 936
98 545
98 261
98 337
98 140
98 586
98 907
98 143
98 432
98 967
98 468
98 580
98 356
98 123
98 829
99 652
99 969
100 453
100 169
100 146
100 307
100 658
100 805
101 338
102 611
102 529
102 168
102 938
102 578
102 749
102 914
102 593
102 951
102 217
102 922
102 898
102 223
103 420
103 329
103 781
103 397
103 209
103 600
103 313
103 219
104 514
104 199
104 205
104 312
104 643
104 117
104 314
104 127
105 746
105 302
105 247
106 403
106 685
106 398
106 152
106 763
107 984
107 554
108 848
108 327
108 173
108 207
108 752
108 406
108 124
109 176
109 597
109 664
109 636
109 447
110 768
110 417
110 803
110 164
110 262
110 843
110 564
110 429
110 270
110 509
110 532
110 820
110 409
110 125
110 446
110 799
111 678
111 850
111 566
112 280
113 131
113 519
113 139
113 272
113 209
113 676
113 344
113 657
113 762
114 496
114 131
114 272
114 723
114 755
114 825
114 656
115 934
116 704
116 419
116 780
116 426
116 855
116 655
116 560
116 465
116 756
116 245
116 503
116 316
116 778
117 239
117 950
117 696
118 321
118 762
118 285
118 127
119 193
119 423
119 232
119 489
119 594
119 281
120 480
120 547
120 234
120 523
120 431
120 254
121 294
121 655
122 128
122 559
122 756
122 757
122 441
122 284
122 285
123 258
123 733
123 851
123 823
123 153
123 474
123 667
123 381
123 926
123 127
125 152
126 808
126 876
126 460
126 163
126 373
126 536
126 542
126 702
127 325
127 461
127 915
128 866
128 195
128 778
128 139
128 812
128 237
128 619
128 698
129 296
129 875
129 236
129 872
129 259
129 183
129 410
129 219
129 265
130 473
130 291
130 644
130 133
130 903
130 556
130 613
130 721
130 675
130 661
130 407
130 421
131 513
131 610
131 838
131 427
131 431
131 406
131 731
131 188
132 978
132 902
133 517
133 201
133 971
133 186
134 215
134 566
136 888
137 224
137 552
137 231
137 140
137 155
138 546
138 411
138 198
138 210
138 739
138 886
138 375
138 216
138 527
138 730
138 303
139 531
139 787
139 571
140 852
140 607
143 816
143 685
143 240
144 214
144 615
145 289
145 450
145 451
145 420
145 617
146 219
146 584
146 267
146 336
146 771
146 214
146 250
146 157
147 580
147 328
147 490
147 179
147 277
148 931
148 208
148 369
148 187
148 924
150 371
150 346
150 316
151 225
151 269
151 238
151 271
151 174
151 367
151 405
152 768
152 875
152 332
152 495
152 466
152 374
152 412
152 511
153 339
153 454
154 866
155 513
155 748
155 595
155 265
155 348
156 859
157 482
157 674
157 695
157 890
158 774
158 493
158 494
158 274
158 275
159 421
159 364
159 909
159 846
159 853
159 574
159 351
160 615
160 181
161 289
161 294
161 200
161 259
161 490
161 817
161 601
161 379
162 583
162 299
162 173
162 238
162 432
162 659
162 526
162 702
162 190
162 255
163 168
163 721
163 434
164 320
164 993
164 226
164 195
164 683
164 968
164 877
164 243
164 526
164 184
164 442
164 927
165 256
165 708
165 197
165 742
165 341
165 377
165 186
166 861
167 231
167 362
167 525
167 464
168 224
168 196
168 917
168 804
168 991
168 191
169 741
169 328
169 478
169 734
170 752
171 841
171 269
171 920
172 462
172 443
172 732
172 669
172 383
173 279
174 288
174 457
174 652
175 236
175 852
175 535
175 283
176 321
176 198
176 487
176 233
176 331
176 892
176 807
176 311
176 185
176 954
176 796
176 349
177 443
177 998
178 929
178 667
178 753
178 537
178 217
178 318
180 192
180 842
180 877
180 543
181 227
181 939
181 461
181 909
182 782
182 241
182 627
182 791
183 784
183 497
184 329
184 573
186 354
186 264
186 551
186 524
186 821
186 670
187 640
187 242
187 252
187 637
188 291
188 935
188 519
188 947
189 248
189 865
190 590
190 276
190 218
190 379
190 541
191 202
191 784
192 481
192 731
192 193
192 956
193 293
193 872
193 432
193 410
195 803
195 710
195 967
195 298
195 275
196 612
196 806
196 263
196 234
196 450
196 502
197 840
197 366
197 884
197 407
197 382
198 359
198 679
198 711
198 437
199 706
199 405
199 885
201 585
201 587
201 508
202 276
203 736
203 772
203 646
203 590
203 534
203 414
204 617
204 556
204 722
205 458
205 715
205 404
205 759
206 256
206 740
206 272
206 377
207 322
207 957
208 779
208 679
208 716
208 985
208 346
209 228
209 584
209 364
209 472
209 249
209 635
209 796
210 351
211 517
211 871
211 330
211 523
211 999
212 714
213 484
213 229
213 234
213 887
213 625
213 883
213 308
213 726
213 489
213 852
213 409
213 254
215 666
215 757
216 891
216 622
217 809
218 673
218 597
218 759
218 859
218 981
219 361
219 747
219 911
219 851
219 222
220 771
220 805
220 977
220 703
221 466
222 960
222 910
222 243
224 838
224 758
224 233
224 988
225 282
226 743
226 654
226 989
227 807
227 651
227 460
227 280
227 286
228 579
229 401
229 503
229 697
229 233
230 292
230 240
230 984
230 349
231 737
231 235
231 359
231 426
231 368
231 562
232 571
232 492
233 444
233 365
234 448
234 513
234 387
234 425
234 790
235 618
236 704
236 683
236 342
237 367
238 550
239 768
239 324
239 997
239 396
239 471
239 510
240 290
240 903
240 684
240 825
240 253
240 446
241 620
241 622
241 475
242 712
242 589
243 300
243 472
243 605
244 530
244 902
246 801
246 452
246 341
246 790
248 707
248 253
248 855
249 494
249 935
250 435
250 569
252 288
252 585
252 528
252 376
254 278
254 639
256 787
257 610
257 295
257 717
258 961
258 592
258 629
259 365
259 333
259 435
259 729
259 443
260 380
261 418
261 439
262 719
262 500
262 661
262 727
264 884
265 561
265 661
265 283
267 562
267 790
267 283
268 408
268 487
270 330
270 940
270 565
270 438
270 412
270 382
271 518
272 616
272 341
272 535
273 670
274 870
274 315
275 279
276 331
277 658
278 687
278 375
279 894
280 621
280 570
280 317
280 990
281 746
281 588
281 881
282 565
283 896
283 308
283 445
284 416
284 711
285 632
285 332
286 651
286 399
287 311
288 663
288 600
288 955
289 391
289 455
289 631
289 378
290 445
292 769
292 976
292 517
292 402
293 544
293 868
293 897
293 622
293 567
293 987
294 523
294 828
295 512
295 465
295 624
296 837
297 680
297 404
297 725
297 889
299 751
299 668
299 442
300 641
300 879
300 639
301 366
303 624
304 428
304 662
305 771
305 463
305 343
305 847
305 477
306 867
306 647
306 572
306 616
306 456
306 604
307 515
307 598
307 548
310 984
310 350
311 579
313 916
314 849
314 536
315 675
315 366
315 569
316 596
316 918
316 570
317 491
317 941
317 499
317 755
318 421
318 392
318 428
318 402
318 698
319 347
319 734
320 417
320 497
320 964
321 521
322 880
323 672
323 713
326 904
326 814
326 692
326 856
328 420
328 454
328 507
329 891
330 352
330 943
330 336
331 334
331 602
331 447
332 577
332 713
333 512
333 720
333 773
333 591
333 344
333 540
334 740
334 362
334 813
334 592
334 442
335 868
335 843
335 687
335 918
335 601
336 406
337 625
337 389
338 482
338 612
338 488
338 433
338 968
338 699
339 390
339 423
339 429
339 437
340 766
340 532
341 836
341 492
341 495
341 951
341 509
342 972
342 367
342 693
342 506
343 964
343 810
343 954
344 424
344 360
344 466
344 948
344 949
344 697
344 623
345 589
346 528
346 422
346 811
347 547
348 987
349 516
350 418
350 936
350 654
350 880
350 691
350 700
350 666
351 940
352 588
353 959
353 355
354 673
354 498
354 857
355 854
356 922
356 785
357 449
357 815
358 788
360 459
360 524
360 819
360 413
361 391
361 650
361 863
362 782
362 485
364 972
364 369
365 459
365 553
365 638
366 385
366 394
366 659
366 605
367 516
367 988
367 917
367 572
367 957
368 874
369 964
369 391
369 649
369 464
369 761
369 509
371 718
372 556
374 496
374 575
375 907
376 805
377 780
378 387
378 673
379 664
382 547
382 582
383 919
383 407
384 635
385 449
385 834
385 522
385 980
385 606
385 633
385 541
385 789
386 618
386 904
389 545
389 911
389 721
389 570
390 974
391 809
391 701
391 863
393 929
393 963
393 924
394 546
394 867
394 433
395 956
395 684
396 548
396 455
396 474
397 773
398 742
398 463
398 792
399 686
400 754
401 616
401 850
401 699
402 806
402 584
402 431
402 744
402 477
402 542
403 716
404 578
404 836
404 647
405 449
405 748
405 894
406 867
406 522
407 800
409 749
409 626
409 827
409 669
410 548
411 624
411 427
411 621
411 560
411 761
412 656
413 554
413 538
414 506
414 669
415 871
415 453
417 470
417 930
418 717
422 763
422 639
424 994
424 653
424 543
428 712
428 994
429 736
429 718
430 731
432 668
432 687
434 540
434 831
435 452
435 552
435 690
435 467
435 501
435 537
435 894
437 519
437 942
437 798
438 881
438 580
440 775
442 641
442 546
443 785
443 816
443 889
444 620
447 599
449 802
450 905
451 855
451 734
452 883
452 476
454 837
454 524
454 979
454 949
456 773
456 921
458 514
458 475
459 873
459 990
460 992
460 738
460 782
460 529
461 808
461 521
461 750
462 769
462 676
462 981
463 928
463 774
465 552
468 975
468 567
468 605
469 970
469 845
470 969
470 853
470 888
470 703
471 643
473 797
473 623
474 688
475 672
475 933
477 824
477 953
477 764
478 482
479 581
479 839
479 555
480 826
481 848
481 819
482 505
482 555
483 571
483 557
483 995
483 727
483 952
483 635
484 928
485 813
486 712
486 997
488 765
489 793
489 515
490 662
491 550
491 743
491 681
491 628
493 931
493 612
493 838
493 520
493 655
493 501
493 925
497 577
497 501
498 520
498 976
498 561
498 632
499 866
499 775
499 627
500 864
501 983
502 962
504 720
504 632
505 528
507 742
507 902
507 816
508 562
509 604
510 540
510 650
511 826
513 839
513 846
513 795
514 972
514 722
515 770
515 890
518 969
518 898
521 794
521 573
522 772
522 757
522 796
523 560
523 703
524 753
524 620
529 745
529 833
530 873
531 705
531 901
531 714
531 844
531 849
531 925
532 686
534 718
534 755
534 535
535 954
535 670
537 581
537 682
537 596
539 674
539 996
539 564
540 978
540 682
541 900
541 629
543 942
548 638
549 843
549 709
550 921
551 912
552 611
552 708
552 812
552 903
552 652
552 888
554 917
555 880
557 696
558 579
558 804
558 645
559 657
559 858
560 876
562 920
562 633
564 962
568 893
571 777
571 738
572 781
573 582
574 578
574 593
576 590
577 832
577 835
577 596
579 664
579 744
580 740
580 986
581 634
581 860
583 630
584 614
586 869
587 862
589 829
590 733
592 992
592 719
592 725
592 893
594 609
594 626
594 756
595 989
600 753
602 848
602 813
603 680
604 995
604 723
604 667
605 636
607 700
610 818
611 723
612 801
614 978
616 973
617 904
618 656
621 835
621 971
622 800
623 934
625 759
626 941
628 677
628 680
628 983
629 763
631 895
635 991
636 642
637 658
639 968
641 822
645 955
646 770
648 728
648 760
650 717
651 715
652 722
653 715
653 1000
653 657
653 794
653 885
654 760
656 704
657 815
657 774
658 823
659 980
661 996
662 998
666 899
667 779
669 931
669 776
669 831
670 981
673 791
675 842
676 806
681 945
682 707
682 901
686 738
687 915
687 694
691 802
692 882
694 872
698 754
700 729
701 735
703 856
705 960
705 778
705 793
706 788
708 897
709 935
713 820
715 992
720 758
722 883
727 892
727 766
727 927
728 811
729 1000
734 900
740 990
740 845
743 985
746 924
753 817
757 765
761 839
761 921
761 766
777 960
779 980
780 910
781 913
781 801
783 941
783 870
784 956
786 828
787 938
787 908
796 893
796 862
799 870
800 982
803 906
809 842
812 973
814 998
815 846
815 942
819 865
819 875
819 890
820 986
821 858
821 879
825 845
830 844
832 975
832 908
834 847
835 947
837 847
839 876
841 886
844 898
844 973
847 958
850 865
851 936
853 955
856 860
862 891
862 885
864 953
867 932
870 965
876 882
877 878
880 965
885 916
889 987
890 915
899 930
906 908
910 934
920 923
935 959
939 943
943 988
947 976
949 957
954 961
960 962
966 975
984 994
