1000
4 164
9 353
13 18
18 409
24 90
25 447
27 246
33 866
42 301
47 987
62 336
63 239
67 799
69 789
72 422
74 335
98 625
100 994
112 864
138 708
138 508
140 738
149 946
149 991
160 754
161 852
162 400
162 362
165 896
170 973
172 644
183 401
186 914
186 902
205 920
216 983
223 707
227 643
228 979
243 971
250 382
260 339
267 813
276 736
299 992
311 770
319 908
328 774
332 809
333 801
349 536
356 432
356 992
361 650
371 408
374 668
374 767
378 696
382 962
426 935
428 832
429 791
435 842
436 608
443 668
451 935
452 486
470 760
474 741
485 974
495 975
500 713
526 859
528 953
536 791
555 746
559 705
564 910
565 916
567 938
567 727
582 846
605 825
620 710
629 878
631 806
637 934
659 992
689 775
694 787
705 971
729 912
735 892
742 786
744 989
759 918
764 933
796 860
869 871
884 931
905 930
927 939
