1000
0 35
0 840
0 171
0 83
0 279
0 509
1 282
1 157
2 89
2 323
2 628
2 30
2 780
3 770
3 291
3 870
3 680
3 621
3 181
4 355
4 932
4 198
4 262
4 138
4 459
4 140
4 591
4 692
4 598
5 588
5 63
6 323
6 125
6 606
6 375
7 876
7 204
7 173
7 382
7 407
8 728
8 715
9 249
9 446
9 86
10 723
10 909
11 105
11 293
11 349
12 545
12 386
12 836
12 578
12 942
12 335
12 371
12 724
12 431
12 223
13 896
13 115
14 729
14 354
14 227
14 871
15 44
15 878
15 463
15 659
15 206
15 92
16 155
16 469
16 653
17 441
17 383
17 21
17 239
18 642
18 871
18 749
18 405
18 443
18 510
19 680
19 809
19 109
19 595
19 665
19 409
19 893
20 296
20 114
20 763
20 356
20 125
21 674
21 574
22 323
22 457
22 940
22 603
22 460
22 447
23 329
23 412
23 756
24 724
24 45
25 171
25 108
25 158
25 727
25 473
25 190
25 95
26 923
26 396
26 662
28 230
28 146
28 147
28 206
28 198
29 436
29 154
29 332
29 37
29 614
30 256
30 259
30 741
30 680
30 738
30 877
30 723
30 247
31 315
31 243
31 53
31 723
31 511
32 474
32 927
32 191
33 612
33 619
33 945
33 501
33 503
33 186
33 62
33 991
34 816
34 322
34 392
34 770
34 112
34 761
34 987
35 424
35 458
35 491
35 112
35 232
35 952
36 230
36 588
36 493
36 270
36 397
36 59
36 254
37 290
37 325
37 454
37 525
37 955
37 413
37 670
38 440
38 839
39 866
39 819
39 916
39 575
40 938
40 752
40 755
40 789
40 799
40 991
41 494
41 542
41 260
41 270
41 158
42 66
42 506
43 208
43 882
43 311
44 706
44 239
44 342
45 99
45 731
45 559
45 721
45 596
45 501
45 251
46 521
46 932
46 548
46 782
47 472
47 829
48 644
48 165
48 616
48 524
48 490
48 492
48 180
48 374
49 152
49 667
49 987
50 744
50 912
50 83
50 404
51 763
51 588
52 680
52 916
52 908
52 477
52 853
53 793
53 683
53 715
53 86
54 828
55 769
55 489
55 875
55 184
55 57
55 859
55 221
55 158
56 272
56 883
56 595
56 83
57 672
57 645
57 492
57 849
57 453
58 162
58 260
58 679
58 808
58 790
58 919
58 89
59 677
59 840
59 778
59 623
59 753
59 101
60 929
60 611
60 615
60 141
60 690
60 119
60 543
61 745
61 987
61 574
62 961
62 714
62 590
62 820
62 884
63 368
63 382
64 74
64 636
64 346
64 906
64 143
65 494
65 69
65 366
66 468
66 485
66 551
67 922
67 691
67 383
69 194
69 938
69 491
69 322
69 878
69 599
69 988
69 158
70 554
70 155
70 767
70 634
70 741
71 934
71 390
71 817
71 850
71 597
71 950
72 153
72 899
72 508
72 942
72 679
73 832
73 433
73 996
73 101
73 278
74 99
74 933
74 242
74 883
74 603
75 101
75 489
75 842
75 975
75 689
75 773
75 375
75 728
75 127
76 622
77 363
77 742
77 875
77 526
77 980
77 189
78 128
78 262
78 103
78 554
78 685
78 596
78 409
79 217
79 796
79 85
79 953
79 429
80 390
80 362
80 236
80 173
80 400
80 821
80 502
80 473
81 848
81 882
81 387
81 527
82 736
82 234
82 711
83 704
83 419
83 934
83 198
83 715
83 415
84 914
84 652
84 405
84 934
85 509
85 125
85 478
86 690
86 817
86 269
87 564
87 791
88 353
88 449
88 141
88 599
88 125
88 542
89 928
89 545
89 645
89 198
90 610
90 867
90 260
90 433
90 628
90 981
90 278
90 759
91 200
91 968
91 822
91 503
92 281
92 851
92 565
92 494
93 196
93 233
93 909
93 469
93 457
93 410
93 733
94 296
94 920
94 595
94 822
94 543
95 640
95 195
95 202
95 953
95 602
95 891
95 890
96 97
96 842
96 995
96 460
97 588
97 726
98 192
98 333
98 946
98 468
98 245
98 281
98 988
99 866
99 388
99 459
99 653
100 334
101 408
101 249
101 765
102 626
102 964
103 889
103 924
104 696
104 165
104 438
105 553
105 380
105 373
105 718
106 589
107 152
107 568
107 163
107 852
107 333
108 410
108 766
109 783
109 866
109 900
109 767
110 169
110 170
110 547
110 292
110 620
111 452
111 230
111 139
111 300
111 214
111 697
111 474
112 890
112 981
113 192
113 372
114 456
114 245
114 207
115 359
116 640
116 941
116 909
116 175
116 209
116 242
116 441
116 155
117 920
117 942
117 925
117 534
117 559
118 525
118 944
118 178
118 690
118 350
118 823
118 830
119 841
119 738
119 310
120 724
120 558
121 466
121 483
121 493
121 918
122 134
122 727
123 716
123 396
124 655
124 956
124 293
124 589
125 193
125 137
125 208
125 182
125 841
125 794
125 635
125 629
126 224
126 901
126 978
126 389
126 679
127 808
127 834
127 677
128 209
128 995
128 181
128 409
129 846
129 335
129 240
129 852
129 696
129 253
129 191
130 928
130 761
130 706
130 987
130 702
131 674
131 839
131 621
131 495
131 403
131 155
132 627
132 902
132 751
134 948
134 906
135 512
135 865
135 365
135 861
135 487
136 370
136 506
136 478
136 295
137 640
137 912
137 706
137 879
138 377
138 599
139 707
139 370
139 629
139 985
139 922
139 975
139 445
140 360
140 665
140 403
141 257
141 293
141 395
141 654
142 145
142 607
142 203
142 475
142 399
143 518
143 775
143 653
143 687
143 307
143 764
143 927
144 420
144 298
144 786
144 466
144 149
144 796
145 640
145 695
145 500
145 447
146 640
146 294
146 968
146 971
146 910
146 404
146 889
146 500
147 832
147 996
147 457
147 916
147 617
147 792
148 640
148 421
148 524
148 272
148 403
148 599
149 664
149 445
149 670
149 726
150 985
150 914
150 395
150 958
150 559
151 635
151 650
151 539
151 774
152 634
152 308
152 815
153 784
153 461
153 494
154 307
154 869
155 481
155 938
155 532
155 991
156 625
156 170
156 267
156 342
157 536
157 914
157 246
157 584
158 579
158 902
158 170
158 429
158 526
158 336
158 786
158 821
158 671
159 332
159 204
159 854
160 812
160 450
160 236
160 786
160 881
161 877
161 590
161 631
162 595
163 355
163 634
164 698
164 875
164 917
164 974
164 855
165 592
165 391
165 556
165 973
165 840
166 991
166 476
166 805
166 925
167 251
167 301
168 862
168 357
168 214
168 469
169 881
169 610
169 715
170 961
170 742
170 234
170 783
170 883
170 298
170 861
171 389
172 385
172 643
172 764
172 241
172 374
172 632
172 508
173 481
173 264
173 619
173 269
173 567
174 650
174 605
174 877
175 312
175 939
175 805
175 614
176 536
176 681
176 578
176 739
177 769
177 292
177 463
177 772
177 765
177 894
178 441
178 884
179 880
179 208
179 754
179 887
179 600
179 505
180 899
180 613
180 202
180 493
180 658
181 525
181 208
181 825
181 794
182 999
183 456
183 204
183 616
183 215
183 312
183 569
183 893
184 980
184 610
184 828
184 197
185 297
185 783
185 372
185 449
186 648
186 271
186 784
186 341
186 730
186 858
186 895
187 320
187 729
187 555
187 223
188 361
188 414
188 359
189 736
189 453
189 389
189 216
189 927
189 735
190 992
190 227
190 655
190 830
190 212
190 501
190 988
190 766
191 449
191 936
191 397
191 464
192 548
192 785
192 778
192 787
192 952
192 505
192 618
193 601
193 981
193 623
193 517
194 932
194 976
194 565
194 860
194 389
195 592
195 728
195 263
196 847
197 672
197 781
197 435
197 407
197 441
197 283
198 724
198 249
198 987
199 295
199 263
199 612
199 221
199 223
200 489
200 801
200 695
201 300
202 257
202 545
202 653
202 912
202 989
203 873
203 990
204 550
204 951
204 696
204 797
205 493
205 335
206 580
206 808
206 365
206 783
206 912
207 595
207 697
207 363
208 450
208 839
208 297
208 622
208 639
209 817
209 245
210 802
210 621
211 672
211 281
211 819
211 987
212 361
212 738
212 676
212 543
213 766
214 677
214 553
214 275
214 987
214 380
214 765
215 913
215 252
215 533
215 870
216 928
216 995
216 456
216 693
216 950
217 402
217 502
218 465
218 770
218 839
219 505
219 353
219 451
219 460
219 441
220 840
220 952
220 290
220 946
220 981
221 380
221 427
221 723
222 268
222 365
222 389
223 777
223 402
223 563
223 766
224 704
224 995
224 524
224 761
224 636
224 414
225 577
225 804
225 670
226 760
226 889
226 434
226 907
226 383
227 393
227 559
227 304
227 542
228 384
228 348
229 576
229 258
229 723
229 495
230 517
230 839
230 968
230 521
230 331
230 857
231 970
231 881
231 346
231 741
232 841
232 758
232 286
232 865
233 928
233 571
234 718
234 375
235 981
236 722
236 559
236 529
238 557
238 942
238 561
238 691
238 856
238 826
239 655
239 439
240 432
240 820
240 855
241 288
241 801
241 837
241 897
241 474
241 956
242 899
242 298
242 655
243 608
243 746
243 527
243 368
243 793
243 347
244 249
244 730
244 709
244 809
245 672
245 361
245 788
245 438
246 907
246 932
246 823
246 333
246 622
246 530
246 950
246 887
247 850
247 798
248 362
248 308
248 654
249 813
249 527
249 854
249 441
250 760
250 858
250 901
251 928
251 974
251 306
251 309
252 515
252 944
252 307
252 660
252 954
253 902
253 577
253 971
253 720
253 286
254 554
254 371
254 372
254 662
254 441
254 537
254 890
255 883
255 610
255 339
256 834
256 691
257 547
257 942
257 855
258 296
258 986
258 580
258 358
259 510
260 768
260 837
260 331
260 366
260 435
261 402
261 551
262 487
262 268
262 527
262 757
262 760
262 879
263 768
264 935
264 783
265 844
265 684
265 932
265 660
265 949
266 985
266 402
266 531
266 842
266 749
267 448
267 993
267 295
267 426
267 652
268 289
268 770
268 707
268 571
269 654
269 477
270 739
270 846
270 277
270 446
271 354
271 548
271 623
271 433
271 948
271 283
271 733
272 419
272 649
272 919
272 571
272 796
272 797
272 511
273 680
273 343
274 440
274 411
274 525
274 847
275 801
275 794
275 462
276 738
276 979
277 353
277 838
277 647
277 913
277 509
278 795
278 855
279 419
279 458
279 925
279 826
279 618
280 433
280 717
281 902
281 331
281 535
281 859
282 547
282 727
282 407
283 806
283 871
283 745
283 430
283 782
283 630
283 701
284 288
284 365
285 313
285 563
285 564
285 942
285 590
286 833
286 290
286 803
286 324
286 980
287 577
288 946
288 497
289 333
289 782
290 636
290 930
291 346
291 308
291 821
291 374
292 579
292 996
292 464
292 724
292 852
292 475
292 380
292 957
292 670
293 590
293 399
293 509
294 385
294 298
294 811
294 627
294 342
294 375
294 601
294 604
295 543
296 421
296 962
296 591
296 435
296 919
296 636
297 477
297 941
299 613
299 582
299 876
299 726
299 950
299 892
300 323
300 689
300 425
301 547
301 687
302 861
304 865
304 936
304 525
304 337
304 443
305 490
306 737
306 388
306 869
306 940
306 373
306 534
306 344
307 961
307 762
308 322
308 566
308 412
309 777
310 871
310 396
310 591
310 560
310 918
311 544
311 776
311 688
311 818
311 538
312 317
313 780
313 845
313 773
314 552
314 377
314 499
314 723
314 487
315 889
315 698
315 812
315 970
316 677
317 984
317 547
317 446
318 697
318 546
318 964
318 534
318 327
319 601
319 370
319 445
320 534
321 937
321 370
321 852
321 930
321 566
322 516
322 811
322 460
322 781
322 398
322 694
323 864
323 976
323 661
323 732
324 449
324 993
324 687
325 752
325 531
326 834
326 988
326 593
326 531
326 824
326 636
326 446
327 813
327 721
327 341
327 954
327 539
328 961
328 858
328 946
328 749
328 903
329 852
329 765
330 722
330 827
330 549
330 654
330 941
331 688
331 546
332 588
332 781
332 910
332 600
332 440
333 964
333 390
334 640
334 430
334 531
334 857
334 794
335 360
336 984
336 835
337 585
337 898
337 927
339 811
340 443
340 959
340 935
341 736
341 519
341 364
341 524
341 718
341 565
341 829
342 867
342 842
342 629
342 789
343 755
343 996
343 605
343 822
344 776
344 881
344 822
344 695
345 636
345 364
346 576
346 716
346 845
347 488
347 737
347 976
347 838
348 648
349 616
349 693
350 951
350 999
350 894
350 511
351 978
351 743
351 990
351 695
352 848
352 643
352 852
352 669
352 494
353 498
353 997
354 660
354 405
354 920
354 539
355 811
355 465
355 446
355 670
356 701
357 676
357 829
358 531
358 594
358 447
359 998
359 403
359 909
359 369
360 668
361 407
361 385
362 841
362 876
362 687
362 859
363 866
363 805
363 872
363 718
363 511
364 418
364 761
364 860
364 477
364 414
365 490
365 460
365 398
365 854
366 504
366 868
367 776
367 428
368 610
368 714
368 716
368 982
369 977
370 427
370 801
370 814
370 431
371 878
371 398
372 466
372 893
373 916
373 450
374 885
374 491
375 448
375 487
375 526
375 562
375 732
375 861
376 898
376 453
376 886
376 511
377 752
377 877
378 708
378 380
379 575
379 901
379 543
380 474
380 613
380 390
380 488
380 467
380 828
381 650
382 632
382 963
383 580
383 548
383 635
384 833
384 415
385 431
385 464
385 628
385 847
387 772
387 849
387 553
387 935
387 662
387 604
388 754
389 601
390 909
390 942
390 847
390 639
391 660
391 506
391 556
392 606
393 934
393 843
393 483
393 758
393 920
393 761
393 491
394 825
394 507
394 399
395 808
395 434
396 934
396 467
396 603
397 538
398 716
399 452
399 413
399 618
399 958
399 805
400 903
400 918
400 438
400 743
401 800
401 984
401 467
401 661
401 894
403 736
403 974
404 577
404 905
404 856
404 895
405 672
406 464
406 621
406 414
406 958
407 838
407 522
407 463
407 617
407 955
408 704
408 483
408 708
408 763
409 410
409 530
410 714
410 473
411 540
411 802
411 439
412 522
412 962
413 868
414 516
414 620
414 723
414 663
414 766
415 571
415 612
416 736
416 982
416 622
416 526
416 927
417 913
417 458
417 862
417 518
417 930
418 818
418 963
418 989
419 505
419 703
420 985
421 616
421 817
422 688
422 660
423 566
423 639
424 624
424 473
425 630
425 510
426 480
426 704
426 612
427 867
427 614
427 628
427 565
427 632
428 864
428 995
428 457
428 431
428 734
429 847
430 448
430 485
430 878
430 623
430 914
431 920
431 956
431 925
432 567
433 614
433 506
434 802
434 844
434 781
435 682
436 642
436 910
436 756
436 918
436 599
437 736
437 611
437 485
437 743
437 872
437 880
437 660
437 794
438 496
438 729
438 986
439 648
439 730
440 867
440 814
440 918
440 728
441 461
441 694
442 729
442 815
442 819
442 727
443 866
443 911
443 945
444 661
444 805
445 641
445 668
446 942
446 536
447 620
447 976
447 764
448 834
448 492
448 948
448 953
448 506
449 779
449 982
449 861
450 468
450 941
451 628
451 643
453 681
453 778
453 941
453 915
454 945
454 878
454 965
456 812
456 847
456 464
456 979
457 817
458 986
460 774
460 506
460 543
461 658
461 606
462 610
462 772
462 519
462 840
462 938
463 721
463 630
464 841
465 636
466 551
466 849
466 796
467 510
468 620
468 784
468 954
468 923
469 755
469 875
470 920
470 745
471 553
472 749
472 621
472 820
472 887
472 732
473 995
473 523
473 495
473 680
473 943
473 634
475 903
475 878
475 529
475 733
476 986
477 906
478 633
478 992
479 937
479 727
479 668
479 574
479 503
480 568
480 808
480 959
480 879
481 994
481 682
481 759
482 733
482 775
483 870
483 875
483 565
484 563
485 645
485 797
485 570
485 637
486 913
486 595
486 926
486 646
486 735
487 900
487 870
487 964
487 629
487 729
487 572
489 667
490 971
490 537
491 515
491 973
492 579
492 725
493 512
493 748
493 624
493 498
493 853
494 603
495 913
495 797
496 870
496 937
496 848
496 502
496 735
497 692
498 775
498 521
499 697
499 618
500 800
500 803
500 817
500 714
500 726
500 856
500 990
501 868
502 964
502 558
502 536
503 834
503 774
503 526
504 808
504 642
504 779
504 556
505 967
505 875
505 954
505 830
506 645
506 902
506 596
506 726
506 858
507 535
508 958
509 931
509 655
510 732
511 558
512 987
512 781
513 617
513 613
513 991
514 561
514 803
514 953
515 865
515 646
516 876
516 626
516 821
516 603
517 668
517 724
518 522
518 539
518 553
520 739
520 671
521 676
521 799
523 626
524 655
525 998
525 903
525 557
525 728
526 578
528 717
529 931
529 863
530 627
530 964
530 902
531 820
532 867
532 874
532 715
532 973
532 622
532 630
532 984
532 767
533 817
533 715
533 933
533 950
534 960
537 660
537 654
538 572
539 812
539 636
540 578
541 761
541 733
542 582
542 963
542 986
543 833
543 738
543 750
544 661
545 682
545 853
545 822
545 842
546 833
546 613
546 552
546 723
547 742
547 780
547 562
548 976
548 562
549 568
549 849
549 586
550 673
550 831
551 800
551 681
551 594
551 915
551 933
554 675
554 778
554 715
554 695
555 637
556 582
556 816
556 891
557 579
557 659
557 741
558 984
559 787
560 728
560 826
561 576
561 960
561 681
561 653
562 744
562 989
563 956
563 819
564 801
564 781
564 945
564 575
566 672
566 774
566 827
567 937
567 965
568 894
569 695
570 612
570 982
570 853
572 995
572 873
572 911
572 661
573 925
574 990
575 897
575 995
576 662
577 848
579 872
579 969
579 727
580 586
581 770
582 806
582 592
582 790
582 799
583 880
583 618
584 808
584 674
584 759
585 765
585 903
586 953
586 686
587 663
588 816
588 601
589 995
589 738
590 832
590 846
591 865
591 720
591 793
592 997
592 654
593 752
593 940
594 794
594 910
595 710
595 660
595 719
596 954
597 810
599 971
599 652
599 782
599 915
599 906
600 897
600 708
600 639
601 615
601 714
601 711
601 888
601 702
602 623
603 714
603 816
604 890
605 959
605 995
607 842
607 859
607 767
609 723
609 934
610 784
610 897
610 664
610 969
611 664
611 978
611 643
612 732
613 866
613 948
614 995
614 621
614 917
615 930
615 839
616 704
616 857
616 859
617 776
617 785
617 637
618 978
619 924
620 633
620 955
621 803
623 935
623 810
624 858
625 671
626 938
626 902
627 993
628 664
629 747
629 882
629 725
629 984
631 967
631 831
632 640
632 966
633 760
633 718
634 878
634 693
635 871
635 716
635 942
635 916
636 899
636 983
636 989
637 773
637 702
637 670
638 897
638 812
638 791
639 814
639 889
641 796
641 781
642 875
642 829
642 692
642 701
643 935
643 915
643 789
643 982
644 813
644 893
645 777
645 941
645 846
645 758
645 987
646 681
646 735
647 818
648 722
648 687
648 818
648 946
649 725
649 902
650 784
650 792
650 734
651 736
651 821
652 800
652 789
653 849
653 713
654 812
655 988
655 721
655 699
656 745
657 752
657 862
658 980
658 963
658 863
659 681
662 756
663 829
663 783
664 960
664 984
665 954
666 939
667 697
668 862
668 671
669 918
669 799
670 929
670 883
671 722
672 903
675 953
675 958
675 694
676 858
676 683
677 825
678 944
678 866
678 867
678 986
679 872
679 827
680 934
681 939
681 775
682 894
683 873
684 779
684 877
684 695
686 835
687 928
687 818
688 809
688 786
689 860
689 706
689 873
690 760
690 975
693 920
693 836
694 976
694 996
697 805
698 882
698 813
699 933
699 966
700 744
700 872
701 771
702 947
702 895
703 730
703 786
703 901
704 806
705 713
706 721
706 924
707 736
708 867
708 818
708 788
710 993
711 934
711 743
711 905
711 748
712 826
712 967
712 807
713 752
713 714
713 724
715 839
718 790
718 949
719 753
719 918
720 993
720 842
722 795
723 773
725 930
726 769
726 974
727 920
729 855
731 922
732 759
733 912
734 770
734 940
734 795
734 958
736 852
737 992
738 846
739 869
740 741
740 799
741 829
742 876
743 936
743 849
743 989
744 945
746 891
747 989
747 749
751 841
751 996
752 920
753 845
754 964
754 910
756 791
757 912
757 938
757 994
761 911
762 988
762 940
763 791
764 908
765 999
768 883
771 866
771 951
771 917
772 949
773 940
773 856
774 856
775 972
775 781
776 838
776 806
776 823
776 966
777 882
778 909
778 945
779 934
779 935
779 827
781 943
781 917
783 884
783 952
783 925
785 975
787 807
787 804
788 847
788 914
788 824
788 943
788 926
789 894
791 997
792 890
793 864
793 899
793 842
794 926
795 887
798 841
798 871
798 942
799 909
799 841
799 956
801 901
802 921
802 954
804 920
805 946
805 852
805 889
807 827
807 853
808 816
810 877
812 929
812 977
816 896
816 903
816 930
816 855
817 832
817 947
817 820
817 830
819 866
819 996
819 925
823 916
824 859
826 864
826 962
826 872
828 955
829 840
830 831
832 896
834 931
837 858
837 978
838 902
842 877
845 899
847 934
849 974
849 913
850 906
851 987
851 861
851 935
853 883
853 986
855 915
862 877
865 911
868 873
869 968
870 964
875 903
877 900
879 971
879 941
880 990
882 941
885 951
889 916
890 920
892 970
894 946
897 990
898 967
902 986
903 925
904 986
906 924
906 927
907 912
907 984
909 913
909 983
914 952
916 976
923 990
925 933
927 946
936 965
940 975
946 989
947 971
949 993
953 961
960 973
965 983
966 977
968 971
971 996
