1000
1 961
1 770
1 741
1 486
1 776
1 849
1 82
1 342
2 67
2 390
2 50
2 371
2 87
2 121
2 987
3 384
3 417
3 388
3 999
3 297
3 814
3 179
3 925
4 131
4 452
4 645
4 460
4 461
4 78
4 77
4 80
4 52
4 182
4 731
4 605
5 864
5 560
5 92
5 805
5 990
6 51
6 719
6 925
6 990
6 79
7 342
7 295
7 43
7 620
7 623
7 918
7 474
7 175
7 954
7 94
7 63
8 96
8 192
8 614
8 775
8 233
8 522
8 14
8 850
8 472
8 670
9 993
9 738
9 35
9 966
9 326
9 593
9 488
9 812
9 810
9 267
9 556
9 207
9 369
9 303
9 856
9 827
9 463
9 350
10 838
10 203
10 366
10 434
10 339
10 280
10 574
11 685
11 194
11 100
11 901
11 518
11 136
11 905
11 42
11 34
11 141
11 112
11 19
11 578
11 924
11 784
12 248
12 36
12 245
12 342
13 750
13 529
13 298
13 365
13 270
13 753
13 116
13 565
13 604
13 701
13 661
14 898
14 805
14 361
14 139
14 213
14 572
15 802
15 779
15 546
15 654
15 497
15 407
15 125
16 992
16 801
16 387
16 997
16 743
16 974
16 137
16 366
16 611
16 21
16 314
16 445
17 256
17 674
17 259
17 646
17 745
17 810
17 77
17 977
17 312
17 986
17 829
18 546
18 419
18 849
18 337
18 643
18 411
19 65
19 107
19 101
19 497
19 778
19 76
19 229
19 145
19 985
19 731
19 605
19 158
19 191
20 34
20 39
20 174
20 402
20 438
20 927
21 673
21 739
21 965
21 839
21 267
21 719
21 179
21 23
21 154
21 923
21 765
21 94
21 831
22 132
22 71
22 589
22 270
22 851
22 84
22 341
22 414
23 673
23 546
23 71
23 463
23 466
23 692
23 534
23 824
23 980
24 162
24 975
24 42
24 847
24 434
24 531
24 854
24 559
24 475
24 61
25 64
25 897
25 771
25 938
25 527
25 271
25 760
25 985
25 27
26 482
26 522
26 834
26 626
26 158
26 54
26 313
26 216
26 153
26 606
26 789
27 385
27 866
27 675
27 424
27 77
27 222
27 158
27 90
27 830
28 901
28 775
28 298
28 111
28 658
28 183
28 312
28 991
29 978
29 843
29 397
29 534
30 961
30 450
30 996
30 933
30 615
30 456
30 937
30 782
30 912
30 969
30 799
30 415
31 649
31 399
31 856
31 273
31 308
31 277
31 630
31 344
32 833
32 737
32 938
32 807
32 685
32 142
32 984
32 855
32 948
32 726
32 569
32 568
32 180
32 795
32 606
33 355
33 37
33 746
33 525
33 786
33 246
33 759
33 728
34 453
34 870
34 263
34 584
34 780
34 784
34 817
34 775
34 151
35 577
35 547
35 388
35 726
35 42
35 432
35 309
35 470
35 249
35 484
35 989
36 230
36 777
36 717
36 461
36 969
37 836
37 601
37 65
37 812
37 429
37 605
37 369
37 449
37 467
37 431
37 503
37 569
37 667
37 93
37 671
38 898
38 451
38 967
38 79
38 145
38 436
38 245
38 472
38 788
38 378
38 821
39 680
39 905
39 461
39 142
39 845
39 816
39 759
39 863
40 224
40 805
40 262
40 391
40 840
40 938
40 439
40 845
40 776
40 727
40 764
40 925
40 254
41 641
41 706
41 708
41 422
41 776
41 746
41 172
41 175
41 498
41 279
41 666
41 988
42 321
42 72
42 265
42 242
42 499
42 317
43 993
43 194
43 100
43 549
43 454
43 866
43 405
43 581
44 704
44 97
44 968
44 685
44 401
44 725
44 153
44 988
45 744
45 780
45 581
45 149
46 937
46 107
46 397
46 430
46 87
47 641
47 744
47 623
47 851
47 950
47 959
48 770
48 804
48 808
48 905
48 236
48 49
48 691
48 341
48 504
48 68
48 154
48 787
49 576
49 375
49 644
49 439
49 200
49 919
49 172
49 630
49 119
49 122
49 859
49 997
50 160
50 73
50 642
50 910
50 273
50 729
50 344
50 88
50 987
50 892
51 294
51 327
51 938
51 691
51 149
51 927
51 765
51 453
52 576
52 519
52 840
52 713
52 632
52 410
52 283
52 285
52 318
53 322
53 811
53 548
53 648
53 649
53 75
53 588
53 623
53 561
53 283
53 319
54 128
54 65
54 419
54 741
54 385
54 749
54 280
54 979
54 480
54 216
54 771
54 283
54 863
55 609
55 995
55 837
55 358
55 421
55 213
55 446
55 319
56 867
56 614
56 184
56 724
56 792
56 217
57 963
57 164
57 550
57 138
57 914
57 782
57 285
57 818
57 118
57 964
57 298
58 176
58 912
58 107
58 644
58 264
58 875
58 112
58 785
58 402
58 211
58 659
58 572
58 765
58 319
59 384
59 513
59 357
59 961
59 523
59 429
59 431
59 793
59 525
60 880
60 643
60 100
60 869
60 841
60 203
60 848
60 628
60 982
60 439
61 585
61 942
61 656
61 662
61 889
62 992
62 418
62 753
62 329
62 715
62 526
62 79
62 305
62 83
62 758
62 89
63 720
63 397
63 688
63 465
63 858
64 421
64 423
64 200
64 430
64 178
64 179
64 244
64 501
64 949
64 511
65 776
65 684
65 337
65 82
65 981
65 440
65 826
65 123
65 189
65 959
66 865
66 747
66 241
66 723
66 437
66 476
66 821
67 192
67 864
67 264
67 74
67 535
67 251
67 509
67 990
68 931
68 804
68 838
68 397
68 590
68 882
68 470
68 637
69 451
69 164
69 295
69 842
69 174
69 913
69 530
69 728
69 282
69 91
69 506
70 384
70 614
70 490
70 622
70 654
70 696
70 478
71 227
71 175
71 500
71 952
71 692
71 731
71 957
72 388
72 489
72 910
72 499
72 612
72 890
72 347
73 546
73 359
73 520
73 482
73 975
73 789
73 568
74 289
74 292
74 295
74 366
74 109
74 206
74 499
74 337
74 178
74 274
74 117
74 438
74 183
74 970
74 575
75 128
75 801
75 579
75 992
75 797
75 760
75 764
75 477
75 190
76 97
76 420
76 261
76 584
76 462
76 424
76 469
76 872
77 193
77 131
77 713
77 778
77 304
77 692
77 693
77 316
77 856
77 308
77 860
77 669
78 768
78 129
78 260
78 778
78 430
78 814
78 664
78 100
78 90
79 737
79 867
79 232
79 942
79 881
79 626
79 628
79 150
79 727
79 472
79 729
79 122
79 347
79 485
80 928
80 830
80 264
80 233
80 205
80 144
80 690
80 373
80 900
80 222
80 757
81 391
81 938
81 850
81 623
81 816
81 209
81 146
81 376
81 569
81 507
81 509
82 763
82 356
82 709
82 554
82 235
82 598
82 443
82 639
83 926
83 878
83 208
83 467
83 501
83 503
83 915
84 115
84 365
84 595
84 693
84 567
84 153
84 955
84 947
84 213
85 354
85 260
85 656
85 436
85 580
85 634
85 571
85 735
86 160
86 838
86 394
86 690
86 916
86 569
86 600
86 185
86 347
86 842
87 321
87 580
87 807
87 943
87 656
87 305
87 979
88 497
88 587
88 813
89 931
89 836
89 103
89 273
89 850
89 927
89 246
89 344
89 761
89 987
89 223
90 418
90 931
90 392
90 809
90 616
90 306
90 568
90 381
90 863
91 696
91 409
92 193
92 293
92 711
92 648
92 172
92 591
92 121
92 511
93 774
93 584
93 139
93 398
93 857
93 121
93 543
94 261
94 455
94 392
94 586
94 333
94 527
94 497
94 885
95 162
95 810
95 908
95 494
95 851
95 659
95 888
95 922
95 923
96 98
96 460
96 275
96 346
96 700
97 587
97 624
97 851
97 342
97 605
97 446
98 609
98 931
98 265
98 170
98 459
98 876
98 398
98 352
98 850
98 344
98 249
99 861
99 137
99 847
99 176
99 830
99 521
99 281
99 346
99 175
99 796
99 829
99 798
100 583
100 616
100 425
100 915
100 884
100 922
101 993
101 612
101 261
101 880
101 761
101 121
101 346
101 796
101 317
101 453
102 131
102 772
102 645
102 168
102 105
102 611
102 445
102 447
103 227
103 266
103 940
103 525
103 143
103 242
103 155
103 991
104 388
104 202
104 302
104 121
104 826
104 894
105 368
105 300
106 808
106 489
106 724
106 910
106 119
107 288
107 449
107 699
107 293
107 527
107 174
107 155
107 666
108 225
108 741
108 873
108 910
108 730
108 862
108 287
109 675
109 910
109 815
109 211
109 245
109 536
109 281
110 580
110 136
110 425
110 924
110 335
110 232
110 532
110 245
110 790
110 247
110 890
110 156
110 159
111 448
111 290
111 420
111 425
111 215
111 824
111 985
111 639
112 866
112 804
112 165
112 362
112 238
112 400
112 501
112 886
112 856
112 349
112 990
113 873
113 939
113 558
113 336
113 468
113 375
114 257
114 773
114 134
114 865
114 650
114 749
114 270
114 370
114 119
114 248
114 957
115 987
115 822
115 392
115 365
115 687
115 598
115 343
115 248
115 602
115 411
115 703
116 226
116 739
116 838
116 297
116 587
116 770
116 465
116 438
116 856
116 153
116 730
116 893
117 128
117 197
117 616
117 305
117 146
117 981
117 887
117 697
117 863
118 296
118 458
118 717
118 654
118 561
118 850
118 500
118 313
118 959
119 513
119 643
119 709
119 149
119 219
120 320
120 292
120 741
120 519
120 746
120 179
120 756
120 123
120 639
121 609
121 226
121 335
121 946
121 539
122 387
122 296
122 695
122 844
122 878
122 883
122 823
122 281
122 220
123 256
123 644
123 839
123 689
123 370
123 251
123 956
124 704
124 869
124 169
124 426
124 140
124 141
124 850
124 915
124 894
124 927
125 226
125 134
125 779
125 857
125 957
126 376
126 643
126 325
126 937
126 651
126 749
126 399
126 592
126 152
126 920
126 633
126 251
126 572
126 797
127 194
127 950
127 198
127 563
127 438
127 539
127 796
127 253
127 511
128 804
128 552
128 780
128 749
128 975
128 917
129 772
129 229
129 232
129 239
129 721
129 339
129 404
129 981
129 215
129 564
129 347
129 830
129 133
130 289
130 484
130 743
130 681
130 685
130 638
130 862
130 183
130 573
130 574
131 416
131 970
131 204
131 978
131 634
132 262
132 166
132 136
132 750
132 435
132 149
132 987
132 382
133 263
133 970
133 141
133 816
133 241
133 180
133 183
133 282
133 927
134 513
134 706
134 516
134 807
134 363
134 981
134 986
134 700
134 250
135 943
135 307
135 213
135 437
136 194
136 741
136 208
136 498
136 916
136 836
136 858
136 540
136 574
136 223
137 229
137 870
137 391
137 469
137 943
137 451
137 692
137 533
137 823
137 922
137 764
137 325
138 928
138 609
138 150
138 711
138 566
138 823
138 182
138 663
138 997
139 193
139 900
139 325
139 778
139 683
139 620
139 882
139 324
139 958
139 575
140 292
140 233
140 429
140 239
140 468
140 382
141 427
141 772
141 325
141 269
141 214
141 805
142 896
142 483
142 943
142 788
142 565
142 731
142 703
143 944
143 921
143 155
143 606
144 552
144 458
144 573
144 950
145 576
145 192
145 485
145 679
145 392
145 909
145 653
145 911
145 760
145 986
145 158
145 741
146 736
146 292
146 584
146 873
146 810
146 939
146 978
146 905
146 632
146 217
146 538
146 733
146 927
147 384
147 258
147 838
147 206
147 627
147 244
147 182
147 664
147 692
147 635
147 190
147 671
148 208
148 972
148 772
149 517
149 518
149 360
149 366
149 369
149 542
149 485
150 899
150 388
150 581
150 590
150 274
150 956
150 509
151 838
151 615
151 457
151 311
151 268
151 365
151 876
151 335
151 949
151 343
151 153
151 183
151 735
152 481
152 451
152 710
152 872
152 173
152 878
152 655
152 530
152 733
153 755
153 517
153 207
153 624
153 739
153 307
153 853
153 623
153 575
154 896
154 859
154 229
154 199
154 453
154 467
154 244
154 819
154 443
154 284
154 970
154 565
155 897
155 646
155 169
155 941
155 592
155 564
155 854
155 536
155 879
155 285
155 383
156 321
156 803
156 267
156 909
156 240
156 323
156 213
156 982
156 592
156 656
157 609
157 937
157 715
157 717
157 467
157 793
157 895
157 925
157 959
158 480
158 865
158 827
158 582
158 872
158 815
158 659
158 471
159 512
159 947
159 408
159 250
159 927
159 990
159 223
160 260
160 278
160 841
160 749
160 181
160 740
160 923
160 767
161 928
161 816
161 197
161 380
161 650
161 747
161 204
161 367
161 432
161 177
161 882
161 371
161 695
161 476
162 832
162 386
162 238
162 975
162 209
162 499
162 308
162 277
162 471
162 346
163 201
163 226
163 541
163 378
163 461
164 769
164 747
164 588
164 750
164 754
164 691
164 756
164 981
164 471
164 957
165 289
165 386
165 391
165 168
165 810
165 588
165 621
165 469
165 278
165 407
165 930
166 773
166 585
166 841
166 329
166 653
166 366
166 720
166 849
166 247
166 986
166 827
167 645
167 648
167 490
167 271
167 273
167 435
167 756
167 534
168 544
168 481
168 776
168 887
168 719
168 790
168 183
168 975
168 797
168 671
169 512
169 961
169 834
169 228
169 792
169 466
169 659
169 948
169 926
169 344
169 410
169 638
170 512
170 769
170 849
170 792
170 657
170 760
170 634
170 731
170 925
170 447
171 299
171 403
171 598
171 174
171 785
172 769
172 420
172 971
172 271
172 496
172 409
172 665
172 346
173 834
173 198
173 744
173 683
173 808
173 593
173 178
173 407
173 794
173 380
174 737
174 548
174 801
174 618
174 332
174 722
174 600
174 282
174 508
174 799
175 225
175 742
175 797
175 739
175 675
175 955
175 476
175 541
175 917
176 192
176 481
176 896
176 484
176 426
176 983
176 622
176 374
176 823
177 320
177 293
177 940
177 429
177 302
177 591
177 277
177 407
177 795
177 597
178 608
178 259
178 839
178 361
178 717
178 496
178 824
178 378
178 892
179 708
179 403
179 463
179 336
179 568
179 466
179 483
179 852
179 185
179 543
180 578
180 388
180 453
180 838
180 268
180 813
180 692
180 377
180 634
180 189
181 800
181 706
181 675
181 929
181 520
181 687
181 786
181 923
181 767
182 740
182 294
182 459
182 940
182 285
182 447
183 625
183 908
183 514
183 465
183 674
183 827
183 426
184 546
184 195
184 964
184 938
184 683
184 300
184 400
184 243
184 821
184 676
184 635
185 987
185 548
185 581
185 667
185 645
186 325
186 774
186 713
186 940
186 460
186 273
186 902
186 934
186 793
186 507
186 734
187 392
187 217
187 715
187 293
187 830
188 760
188 890
188 922
188 811
188 493
189 834
189 454
189 615
189 592
190 769
190 393
190 845
190 783
190 626
190 758
190 247
190 313
190 797
191 611
191 547
191 552
191 621
191 749
191 881
191 216
191 635
191 637
192 321
192 456
192 715
192 974
192 565
192 889
192 964
192 797
193 840
193 462
193 303
193 529
194 641
194 932
194 230
194 839
194 686
194 798
195 737
195 482
195 931
195 260
195 423
195 234
195 810
195 733
195 816
195 658
195 345
195 540
195 714
196 744
196 553
196 938
196 745
196 878
196 975
196 520
196 407
196 571
196 317
197 992
197 388
197 229
197 584
197 338
197 497
197 530
197 407
197 542
197 757
198 706
198 203
198 908
198 533
199 736
199 384
199 355
199 580
199 875
199 655
199 915
199 630
199 989
200 451
200 644
200 552
200 328
200 887
200 808
200 270
200 911
200 436
200 245
200 311
200 248
200 635
200 670
201 816
201 386
201 778
201 535
201 688
201 643
201 958
201 214
201 951
201 383
201 412
201 349
201 638
201 277
202 554
202 328
202 276
202 821
202 540
202 778
203 579
203 686
203 815
203 944
203 532
203 277
203 630
203 959
204 518
204 673
204 488
204 814
204 783
204 417
204 340
204 277
204 468
205 992
205 932
205 934
205 425
205 562
205 566
205 735
206 320
206 682
206 331
206 461
206 782
206 797
206 694
206 697
206 540
206 573
206 446
207 870
207 298
207 523
207 269
207 912
207 927
207 733
207 639
208 608
208 801
208 323
208 678
208 263
208 600
208 878
208 305
208 952
208 985
208 282
208 287
209 747
209 930
209 215
210 960
210 389
210 623
210 818
210 627
210 599
211 610
211 741
211 423
211 1000
211 430
211 629
211 558
211 223
212 744
212 616
212 780
212 671
212 733
212 305
212 542
212 447
212 508
212 701
212 670
212 607
213 832
213 265
213 231
213 242
213 598
213 348
213 701
214 291
214 426
214 717
214 753
214 693
214 374
214 221
215 581
215 529
215 399
216 750
216 431
216 530
216 430
216 799
217 355
217 668
217 921
217 890
217 348
218 547
218 711
218 714
218 375
218 526
218 593
218 531
218 567
218 568
218 554
219 800
219 642
219 643
219 650
219 269
219 751
219 532
219 308
219 930
220 257
220 707
220 746
220 493
220 419
221 535
221 794
221 291
221 459
222 706
222 999
222 270
222 305
222 247
222 474
223 385
223 292
223 391
223 751
223 753
223 249
223 286
224 449
224 579
224 773
224 556
224 524
224 499
224 311
224 760
224 729
224 347
225 682
225 782
225 628
225 310
225 986
225 475
226 674
226 868
226 549
226 924
226 427
226 364
226 857
226 825
226 316
226 383
227 768
227 655
227 306
227 275
227 345
227 922
227 859
228 803
228 580
228 582
228 934
228 882
228 590
228 720
228 626
228 597
228 585
229 353
229 588
229 717
229 238
229 913
229 859
229 421
230 675
230 395
230 528
230 466
230 374
230 439
231 706
231 964
231 945
231 263
231 786
231 271
231 369
231 626
231 859
231 508
231 767
232 843
232 238
232 657
232 567
233 873
233 505
233 794
233 252
233 605
233 862
234 832
234 833
234 844
234 340
234 919
234 858
234 317
235 839
235 488
235 522
235 498
235 857
235 313
236 704
236 768
236 932
236 935
236 951
236 597
236 375
236 665
236 640
236 411
236 925
237 578
237 260
237 870
237 966
237 721
237 274
237 819
237 469
237 438
237 473
237 796
237 733
238 976
238 615
238 361
238 914
238 787
238 887
238 797
239 448
239 929
239 370
239 761
239 507
239 638
240 746
240 693
240 344
240 666
240 254
240 319
241 611
241 523
241 464
241 378
241 602
242 352
242 811
242 420
242 806
242 761
242 880
242 886
242 567
242 472
242 505
242 394
243 355
243 585
243 682
243 779
243 499
243 532
243 892
243 989
244 997
244 683
244 655
244 466
244 758
244 572
245 706
245 807
245 689
245 310
245 471
245 825
245 700
246 635
246 362
246 747
246 310
246 569
246 793
246 249
247 512
247 704
247 335
247 722
247 500
247 348
247 949
248 641
248 859
248 490
248 722
248 623
248 687
248 508
249 434
249 947
249 854
249 731
249 766
250 417
250 994
250 323
250 262
250 875
250 816
250 563
250 408
250 282
251 484
251 945
251 362
251 396
251 721
251 370
251 854
251 670
252 737
252 935
252 974
252 976
252 628
252 894
253 547
253 549
253 649
253 366
253 433
253 311
253 959
253 991
253 540
253 605
254 912
254 387
254 807
254 841
254 785
254 468
254 438
254 599
254 504
254 346
254 508
254 510
255 326
255 775
255 880
255 894
255 665
255 731
255 764
255 478
256 257
256 625
256 560
256 884
256 949
256 630
256 887
256 376
256 762
256 574
257 860
257 555
257 268
257 269
257 784
257 980
257 567
257 745
257 916
257 506
257 572
258 960
258 443
258 709
258 718
258 910
258 374
258 855
258 283
259 916
259 516
259 637
260 354
260 651
260 715
260 555
260 304
260 659
260 404
260 534
260 795
260 861
260 475
260 341
261 588
261 354
261 425
261 778
261 758
261 985
261 568
261 921
261 517
262 581
262 838
262 967
262 395
262 753
262 594
262 772
262 701
262 991
263 960
263 962
263 291
263 966
263 488
263 647
263 717
263 532
263 757
263 343
263 472
263 957
263 491
264 652
264 302
264 355
264 405
264 631
264 409
265 352
265 743
265 361
265 397
265 367
265 789
265 571
265 687
265 597
266 704
266 353
266 322
266 521
266 685
266 622
266 945
266 851
266 814
266 728
267 886
267 358
267 551
267 748
267 494
267 464
267 337
267 406
267 462
267 383
268 878
268 988
268 703
269 619
269 723
269 700
269 605
269 446
270 512
270 675
270 836
270 902
270 582
270 515
270 597
270 571
270 764
271 896
271 738
271 547
271 487
271 646
271 748
271 810
271 920
271 692
271 982
271 632
271 906
272 632
272 537
272 847
273 961
273 488
273 844
273 918
274 653
274 342
274 650
274 423
274 876
274 399
274 597
274 664
274 441
274 731
274 540
274 362
274 639
275 705
275 960
275 421
275 296
275 925
275 811
275 445
275 881
275 980
275 317
275 447
276 610
276 548
276 390
276 557
276 465
276 659
276 820
276 318
277 907
277 549
277 838
277 567
277 688
277 920
277 713
277 696
277 987
278 945
278 682
278 361
279 353
279 994
279 814
279 989
279 905
279 953
279 537
279 797
280 835
280 932
280 295
280 776
280 361
280 399
280 840
280 510
280 351
281 610
281 389
281 306
281 707
281 739
281 633
282 684
282 877
282 846
282 731
282 669
283 899
283 452
283 423
283 559
283 304
283 568
283 804
284 864
284 641
284 443
284 869
284 583
284 393
284 874
284 581
284 345
284 959
284 543
285 481
285 342
285 298
285 299
285 558
285 399
285 692
285 629
286 576
286 912
286 923
286 292
286 741
286 400
286 960
286 854
286 696
286 409
286 731
286 861
287 608
287 766
287 962
287 294
287 807
287 648
287 939
287 533
287 893
287 702
288 963
288 397
288 337
288 983
288 474
288 638
289 715
289 364
289 785
290 580
290 327
290 652
290 439
290 396
290 370
290 309
290 535
290 751
291 662
291 422
291 618
291 336
291 375
292 640
292 419
292 712
292 332
292 304
292 531
292 565
292 585
292 314
292 426
292 349
293 961
293 443
293 849
293 652
293 459
294 450
294 455
294 305
294 525
294 848
294 337
294 946
294 340
294 989
295 738
295 987
295 1000
295 553
295 779
295 396
295 400
295 658
295 727
295 890
295 969
295 732
295 702
296 512
296 869
296 678
296 647
296 745
296 781
297 572
297 650
297 750
297 818
297 347
297 956
297 957
298 797
298 348
298 394
298 339
298 500
298 911
298 822
298 343
298 411
299 833
299 965
299 335
299 306
300 422
300 807
300 889
300 784
300 822
300 873
300 380
300 828
301 902
301 590
301 913
301 530
301 346
301 511
302 768
302 355
302 452
302 695
302 748
302 493
302 749
302 918
302 599
303 485
303 908
303 848
303 982
303 351
304 332
304 590
304 402
304 661
304 344
305 708
305 357
305 535
305 440
305 837
306 656
306 594
306 438
306 315
306 634
307 400
307 850
307 638
308 336
308 314
308 669
309 421
309 968
309 971
309 680
309 979
309 694
309 443
310 705
310 552
310 844
310 915
310 567
310 383
311 576
311 389
311 422
311 737
311 663
311 909
311 313
311 605
312 709
312 556
312 429
312 402
312 916
312 725
313 395
313 932
313 394
313 946
313 863
314 912
314 913
314 399
314 721
314 890
315 737
315 361
315 875
315 788
315 629
315 855
315 568
315 857
315 916
315 703
316 928
316 545
316 932
316 801
316 553
316 757
316 668
316 351
317 733
317 995
317 615
317 936
317 591
317 819
317 413
317 446
318 672
318 898
318 611
318 326
318 689
318 759
318 378
318 573
319 448
319 514
319 995
319 804
319 773
319 710
319 392
319 970
319 376
319 586
319 511
320 770
320 803
320 710
320 937
320 620
320 888
320 564
320 342
320 603
321 327
321 905
321 430
321 338
321 371
321 756
321 473
321 987
322 512
322 646
322 551
322 1000
322 457
322 623
322 947
322 987
323 779
323 548
323 359
323 489
323 743
323 659
323 759
323 536
323 708
324 488
324 366
324 853
324 855
324 728
324 573
325 788
325 405
325 727
325 376
326 931
326 655
326 541
327 996
328 550
328 849
328 331
328 780
328 781
328 493
328 465
328 953
328 889
328 571
329 544
329 584
329 522
329 559
329 377
329 413
329 478
329 799
330 482
330 356
330 491
330 386
330 463
330 402
330 950
330 985
331 395
331 510
331 759
332 512
332 833
332 782
332 836
332 604
333 838
333 905
333 692
333 667
333 860
333 989
334 516
334 453
334 881
334 490
334 561
334 468
334 772
334 510
335 441
335 927
335 518
335 385
335 552
335 506
335 379
335 570
336 962
336 406
336 535
336 792
336 572
337 875
337 648
337 970
337 472
337 395
337 586
338 552
338 360
338 743
338 782
338 721
338 434
338 762
338 635
338 741
339 822
339 473
339 634
339 797
340 835
340 422
340 599
340 877
340 759
340 825
340 511
341 354
341 658
341 622
341 882
341 915
341 858
341 635
341 799
342 643
342 561
342 883
342 695
343 576
343 811
343 709
343 390
343 810
343 981
343 822
343 476
343 381
344 964
344 839
344 488
344 844
344 589
344 621
344 509
344 350
345 645
345 710
345 530
345 498
345 565
345 603
345 701
346 801
346 832
346 776
346 971
346 753
346 565
346 471
347 642
347 965
347 999
347 898
347 401
347 984
347 957
347 414
348 840
348 663
348 781
348 560
348 435
348 884
348 603
348 861
348 511
349 962
349 898
349 622
349 567
350 352
350 769
350 547
350 942
350 720
350 629
350 406
350 663
350 858
351 640
351 866
351 395
351 913
351 383
352 545
352 551
352 967
352 493
352 461
352 441
352 895
352 607
353 547
353 932
353 607
354 737
354 611
354 454
354 993
354 647
354 428
354 946
354 567
354 966
355 675
355 390
355 777
355 622
355 762
355 661
356 631
356 727
356 952
356 987
357 420
357 977
357 935
357 502
357 772
357 893
358 930
358 547
358 393
358 630
358 538
358 699
358 954
359 611
359 837
359 937
359 825
360 902
360 552
360 424
360 630
360 414
360 469
361 495
361 713
361 794
361 446
362 768
362 740
362 367
362 596
362 574
362 471
362 794
362 382
363 544
363 478
363 375
364 836
364 461
364 466
364 467
364 886
364 535
364 996
364 383
365 548
365 396
365 496
365 407
366 523
366 780
366 782
366 765
366 633
367 712
367 787
367 820
368 832
368 459
368 750
368 409
368 477
369 846
369 749
369 942
369 913
369 562
369 986
370 960
370 423
370 941
370 525
370 942
370 657
370 729
370 633
370 786
371 544
371 865
371 777
371 940
371 593
371 946
371 917
371 598
371 640
372 640
372 865
372 484
372 559
372 788
372 535
372 411
372 447
373 737
373 767
374 384
374 516
374 851
374 830
374 410
374 862
375 896
375 546
375 486
375 959
376 929
376 948
376 875
376 621
376 749
376 500
376 758
376 473
376 847
377 707
377 946
377 605
377 830
378 928
378 454
378 969
378 716
378 685
378 867
378 793
379 837
379 944
379 695
379 568
379 764
379 797
380 704
380 450
380 557
380 626
380 793
380 892
381 393
381 843
381 964
382 971
382 997
382 939
382 495
382 952
382 956
382 778
383 767
383 797
384 508
384 427
384 589
384 635
384 657
384 853
384 951
384 986
384 604
384 991
385 783
385 867
385 938
385 536
385 537
386 615
387 897
387 655
387 729
387 476
388 993
388 459
388 492
388 496
388 697
388 415
389 837
389 487
389 659
389 694
389 439
389 957
390 965
390 427
390 589
390 846
391 624
391 499
391 628
391 841
391 505
391 991
392 449
392 644
392 427
392 495
392 914
392 501
392 951
392 568
393 515
393 580
393 742
393 551
393 395
393 816
393 753
393 724
394 609
394 694
394 682
394 812
394 717
394 957
395 584
395 812
395 694
396 450
396 411
396 763
396 933
396 966
396 509
396 670
397 450
397 433
397 794
398 710
398 999
398 688
398 766
399 737
399 452
399 456
399 819
399 916
399 409
400 618
400 493
400 466
400 474
400 861
400 946
401 834
401 996
401 837
401 494
401 856
401 670
401 927
402 848
402 454
402 649
402 747
402 632
402 946
402 921
403 624
403 547
403 584
403 490
403 652
403 719
403 560
403 409
403 831
404 451
404 946
404 771
404 852
404 725
404 507
404 735
405 450
405 900
405 970
405 463
405 465
405 921
405 442
405 927
406 702
407 832
407 833
407 475
407 678
407 463
408 550
408 713
408 940
408 731
409 708
409 685
410 707
410 813
410 659
411 672
411 896
411 483
411 808
411 746
411 986
411 883
411 650
412 649
412 907
412 413
412 605
413 513
413 613
413 817
413 841
413 953
414 417
414 706
414 859
414 837
414 682
414 527
414 437
414 921
414 669
415 806
415 714
415 874
415 620
415 686
415 569
415 554
416 932
416 773
416 720
416 754
416 855
417 966
417 882
417 540
418 896
418 962
418 905
418 555
418 623
418 559
418 572
419 993
419 615
419 459
419 634
419 571
420 737
420 738
420 643
420 552
420 811
420 589
420 852
420 629
420 439
420 953
420 764
420 795
420 508
420 885
421 512
421 546
421 858
422 658
422 835
422 792
422 668
422 607
423 801
423 610
423 802
423 968
424 545
424 816
424 936
424 597
424 696
424 478
424 693
425 611
425 488
425 745
425 786
425 979
425 533
425 823
425 920
425 606
426 512
426 896
426 912
426 741
426 519
426 461
426 977
426 671
427 964
427 913
427 914
428 933
428 494
428 561
428 950
428 569
428 509
428 574
429 439
430 452
430 805
430 967
430 435
430 914
430 512
431 750
431 528
431 984
431 563
431 915
431 933
432 938
432 623
432 820
432 727
432 761
432 798
433 610
433 650
433 810
433 555
433 749
433 561
433 722
433 916
433 759
433 866
433 541
434 739
434 965
434 526
434 784
434 629
434 762
434 590
435 481
435 519
435 593
435 467
435 631
436 673
436 580
436 938
436 976
436 756
437 784
437 825
437 698
438 978
438 963
438 583
438 557
438 950
439 785
439 604
439 653
439 594
439 468
439 533
439 786
439 687
439 517
440 970
440 984
440 639
440 799
441 448
441 452
441 677
441 752
441 568
441 571
441 476
441 447
442 888
442 798
442 750
442 813
443 672
444 908
444 612
444 861
444 879
445 448
445 1000
445 521
445 477
446 550
446 967
446 469
446 728
447 451
447 887
447 972
447 949
447 986
447 924
447 478
448 744
448 957
448 491
448 787
449 496
450 702
450 612
450 527
450 562
450 900
450 730
450 639
450 477
450 799
451 627
451 704
451 843
451 492
451 595
451 649
451 517
451 766
452 960
452 961
452 603
452 712
452 463
452 798
453 783
453 504
453 820
453 891
454 544
454 615
454 521
454 917
455 522
455 467
456 483
456 713
456 587
456 974
456 656
457 769
457 470
457 758
457 664
458 643
458 777
458 939
458 726
458 893
459 976
459 614
459 705
459 463
459 707
459 606
460 470
460 784
460 726
460 886
460 924
461 549
461 978
461 986
461 637
462 465
462 818
462 627
462 601
462 988
463 713
463 482
463 965
463 582
463 936
463 614
463 726
463 820
463 983
463 631
463 959
464 611
464 612
464 903
464 782
464 675
464 888
464 996
465 527
465 607
466 832
466 865
466 859
466 890
466 539
466 924
466 947
466 959
467 906
467 523
467 781
467 477
467 858
467 511
468 837
468 753
468 711
468 562
468 852
468 573
469 672
469 642
469 495
469 887
469 933
470 897
470 866
470 842
470 685
470 565
470 630
470 663
471 957
471 534
471 612
471 570
471 703
472 483
472 781
472 956
472 498
472 574
472 785
472 478
473 544
473 870
473 679
473 816
473 916
473 635
473 543
474 897
474 712
474 587
474 685
474 766
474 923
474 637
475 870
475 655
476 489
476 491
476 845
476 499
476 630
476 794
476 573
476 607
477 992
477 905
477 910
477 568
477 632
477 794
478 482
478 837
478 662
478 629
478 694
479 708
479 903
479 1000
479 649
479 594
479 921
479 763
479 830
479 575
480 518
480 591
480 981
480 854
480 856
480 927
481 573
481 788
481 830
482 832
482 804
482 711
482 984
482 946
482 885
482 696
482 927
482 501
483 709
483 519
483 970
483 793
483 572
484 807
484 823
484 557
484 855
484 951
485 578
485 531
485 980
486 521
486 847
486 664
486 765
487 685
487 922
487 690
488 741
488 784
488 946
488 812
488 777
489 892
489 531
489 986
489 798
489 575
490 584
490 760
490 916
490 606
491 897
491 965
491 589
491 879
491 784
491 760
491 793
491 959
492 609
492 584
492 599
492 700
493 720
493 939
493 925
493 753
493 723
493 989
494 962
494 963
494 804
494 681
494 730
495 810
495 939
495 718
495 559
495 808
495 633
496 817
496 888
496 759
496 728
496 794
496 507
496 863
497 938
497 748
497 877
497 784
497 954
497 765
498 929
498 963
498 531
498 788
499 650
499 526
499 975
499 849
499 658
500 864
500 646
500 591
500 531
500 892
500 542
501 752
501 552
501 692
501 735
502 809
502 688
502 919
502 536
502 953
503 872
503 982
503 888
503 985
503 636
503 798
504 768
504 928
504 684
504 845
504 980
504 918
504 920
504 924
505 736
505 768
505 932
505 614
505 550
505 876
505 823
505 894
506 812
506 722
506 788
506 629
506 827
506 949
507 514
507 707
507 898
507 727
507 763
507 828
508 939
508 879
508 510
508 794
508 607
509 911
509 948
509 829
509 926
510 939
510 973
511 548
511 560
511 857
511 765
512 900
512 844
513 960
513 545
513 676
513 946
513 624
513 736
514 996
514 870
514 842
514 567
514 858
514 589
514 561
514 562
514 884
514 599
514 762
515 526
515 880
515 558
515 733
516 620
516 621
516 783
516 978
516 565
516 669
517 582
517 1000
517 907
517 686
517 606
518 576
518 934
518 524
518 988
518 638
519 640
519 704
519 709
519 651
519 981
519 982
519 925
519 575
520 741
520 750
520 763
521 935
521 649
521 974
521 707
521 795
522 902
522 720
522 956
522 892
522 794
523 962
523 579
523 644
523 731
523 559
523 886
523 570
524 768
524 642
524 769
524 715
524 823
525 746
525 564
525 854
525 857
526 592
526 771
526 635
526 925
527 587
527 781
527 573
527 944
527 637
528 968
528 589
528 854
528 664
528 569
528 687
528 894
529 548
529 856
529 824
529 859
530 802
530 676
530 686
530 531
531 933
532 987
532 538
533 715
533 934
533 648
533 651
533 841
533 665
534 547
534 716
534 637
534 656
534 568
535 704
535 616
536 742
536 628
536 666
536 572
537 584
538 617
538 939
538 625
538 883
538 792
538 634
538 988
538 607
539 834
539 970
539 593
540 608
540 837
540 701
540 629
540 799
540 725
541 708
541 807
541 681
541 718
541 818
541 663
541 987
542 611
542 652
542 688
543 677
543 968
543 618
543 811
544 704
544 867
544 644
544 810
544 720
544 754
544 852
544 979
545 835
545 960
545 993
545 848
545 690
545 804
545 954
545 605
546 875
546 903
546 562
546 567
547 582
547 939
547 621
547 645
547 787
547 911
548 672
548 736
548 801
548 757
548 567
548 769
549 552
549 726
549 631
550 739
550 777
550 684
552 718
552 682
552 558
552 633
552 571
553 961
553 705
554 752
554 724
555 684
555 746
555 715
555 972
556 836
556 561
556 983
556 826
556 763
557 832
557 642
557 562
557 795
557 989
558 593
558 780
558 712
558 886
558 899
559 769
559 712
559 634
559 702
560 644
560 647
560 890
560 982
560 740
560 570
560 669
561 876
561 819
561 923
562 795
562 912
562 692
562 623
563 944
563 706
564 769
564 586
564 727
564 885
564 983
564 669
564 895
565 566
565 861
565 888
566 898
566 616
566 589
566 979
566 682
567 659
567 870
567 727
568 743
568 717
568 662
569 689
569 715
569 974
569 756
570 827
570 582
570 648
570 591
570 660
570 952
571 610
571 931
571 836
571 667
572 634
572 890
572 887
572 602
573 956
573 624
574 932
574 809
574 916
575 611
575 902
575 688
576 651
576 710
576 818
576 771
576 600
576 692
577 580
577 970
577 619
577 856
577 980
577 696
578 615
578 780
578 716
578 976
578 855
578 828
578 805
579 839
579 760
580 596
580 793
581 996
581 839
581 732
581 924
581 972
581 973
581 722
582 993
582 934
582 587
582 918
582 601
583 736
583 865
584 712
584 590
584 913
584 631
585 736
585 648
585 752
585 729
585 956
586 769
586 782
586 791
586 600
586 756
587 893
587 926
588 785
589 937
589 821
589 601
590 615
590 904
590 856
591 642
591 707
591 837
591 998
591 938
591 754
592 674
592 727
592 767
593 899
593 623
594 880
594 906
594 656
595 986
595 727
596 962
596 791
596 985
596 956
597 932
597 712
597 703
598 904
598 623
598 599
599 942
599 812
599 779
599 819
599 878
600 866
600 849
600 753
600 635
600 925
601 833
602 870
602 647
602 808
603 808
603 844
603 936
603 956
604 864
604 808
604 688
604 817
604 820
605 992
605 696
606 737
606 749
606 969
606 815
607 838
607 903
607 731
608 609
608 714
608 794
608 752
608 797
609 704
609 680
609 913
610 731
610 966
610 951
611 649
611 785
611 777
611 657
611 689
611 636
612 711
612 681
612 908
612 955
614 888
615 673
615 658
615 725
616 920
617 760
617 827
617 647
618 742
618 913
618 707
618 750
618 925
618 798
618 831
619 898
619 909
619 855
619 732
620 771
620 701
620 827
620 797
621 738
621 777
621 682
621 780
621 854
621 926
622 673
622 801
622 876
622 850
623 941
623 973
623 698
623 762
624 834
624 874
624 813
624 859
625 930
625 1000
625 747
625 942
625 765
626 914
626 756
626 766
627 871
627 643
627 758
628 842
628 779
628 820
628 855
628 831
629 638
629 986
629 702
630 892
630 778
630 688
630 1000
631 744
631 917
631 758
631 740
632 902
632 691
633 648
633 986
634 986
634 698
634 702
635 691
636 744
636 748
637 726
637 718
637 701
638 643
638 951
638 954
639 904
639 744
640 738
640 739
640 902
640 776
640 747
640 885
640 955
641 992
641 999
642 994
642 904
642 913
642 754
642 762
642 826
643 931
643 694
643 840
643 905
643 753
644 940
644 722
645 833
645 777
645 791
645 946
645 875
645 764
646 673
646 650
646 691
646 662
646 727
646 988
646 798
647 682
647 815
647 727
647 703
648 868
648 815
648 857
649 900
649 709
649 883
649 861
649 758
650 837
650 673
650 843
651 678
651 774
651 811
651 812
651 787
651 788
652 995
652 970
652 997
653 896
653 675
653 668
653 818
653 860
653 862
654 711
654 811
654 882
654 916
654 917
655 808
655 815
655 764
656 835
656 744
656 734
657 748
658 705
658 869
658 751
658 911
659 816
659 707
659 853
659 854
659 956
660 705
660 923
660 932
660 940
660 824
660 827
661 684
661 818
661 891
662 993
662 674
662 838
662 870
663 966
663 850
663 698
664 994
664 717
664 824
664 829
664 703
665 716
665 940
665 945
665 958
666 715
666 781
666 845
666 687
666 890
666 828
667 816
667 920
668 800
668 993
668 930
668 742
668 841
668 939
668 844
669 777
669 684
669 693
670 909
670 840
671 814
671 981
671 824
671 922
672 875
672 707
672 952
672 701
672 734
673 873
673 951
673 969
673 947
673 858
673 910
674 680
674 859
674 927
675 965
675 888
675 765
676 814
676 953
676 796
677 680
677 813
678 739
678 814
679 1000
679 714
679 999
680 973
680 978
680 923
681 769
681 801
681 749
681 881
681 731
681 924
682 744
682 862
682 955
683 772
683 763
685 815
685 786
685 860
686 778
687 764
687 780
687 888
687 732
687 829
689 866
689 690
689 825
690 964
690 934
690 809
690 975
691 931
692 896
692 809
692 835
692 954
693 842
694 929
694 911
694 835
695 960
695 964
695 993
695 984
695 985
696 899
696 999
696 810
696 974
696 788
696 727
698 907
698 805
698 871
698 714
698 903
698 912
698 938
699 931
699 741
699 743
699 909
700 770
700 836
700 806
700 762
700 930
701 844
701 911
701 881
702 874
702 728
702 889
703 767
704 985
704 852
705 822
705 766
707 740
707 996
708 964
710 954
711 948
712 808
712 918
713 837
713 855
714 994
714 797
714 850
715 998
716 974
716 816
716 948
716 863
716 830
716 927
717 871
717 984
718 941
718 911
719 811
719 972
720 848
720 893
721 892
722 769
722 850
722 900
722 925
723 810
723 946
723 791
723 990
724 881
724 731
725 806
725 841
725 982
726 936
726 975
727 835
727 781
727 742
727 820
728 930
728 982
728 764
729 930
729 821
729 991
730 985
730 957
731 905
731 780
731 781
731 870
731 884
731 757
732 987
732 848
732 854
732 975
732 797
733 896
733 738
733 925
733 831
734 942
734 897
735 869
735 840
735 882
735 915
736 854
736 969
736 868
737 964
738 768
738 993
738 912
738 757
738 988
739 981
740 880
740 905
740 783
740 948
740 925
741 889
741 826
742 770
742 931
742 932
742 873
742 845
743 815
743 948
743 862
744 976
744 958
745 998
745 882
746 931
746 838
747 998
747 864
747 767
748 964
748 828
748 891
749 894
749 998
749 843
749 845
749 751
749 825
750 976
750 906
751 847
751 816
752 800
752 929
752 979
752 969
752 778
753 819
753 917
753 949
754 899
755 788
755 934
756 814
756 886
756 763
758 804
758 940
758 921
758 793
758 869
759 839
759 956
760 865
760 911
762 801
762 782
763 805
763 786
763 980
763 765
764 779
765 913
765 973
765 946
766 901
766 775
766 970
766 858
766 857
766 989
767 802
768 946
769 875
769 991
770 838
770 908
770 941
770 850
771 934
771 857
772 777
773 801
773 877
773 975
773 919
774 933
774 807
774 892
775 816
776 872
776 825
776 923
777 867
778 912
779 933
779 972
779 977
780 929
780 914
780 855
780 793
780 956
781 897
782 865
782 881
783 967
784 901
784 871
784 813
785 984
785 953
786 815
786 824
787 1000
787 858
788 933
789 817
789 814
790 811
790 883
790 820
790 990
791 930
791 918
792 872
793 940
793 836
794 907
795 950
795 989
796 993
796 988
797 925
798 933
799 832
799 817
800 954
801 938
801 980
802 896
802 934
802 974
802 814
802 887
803 992
803 833
803 977
804 840
804 819
805 832
805 827
805 885
806 877
807 829
807 933
808 869
808 969
810 835
811 885
812 919
813 989
814 912
814 987
815 940
815 941
818 902
818 825
819 954
819 878
819 882
819 911
820 993
821 865
822 988
822 863
823 919
823 972
825 883
826 828
827 928
827 867
827 968
827 925
827 881
828 849
828 892
829 836
829 915
830 938
830 987
830 926
831 933
832 871
832 991
833 960
833 999
833 986
835 916
836 944
839 978
839 948
841 863
842 868
842 959
844 963
844 915
845 999
845 877
845 936
847 886
848 976
848 908
848 873
848 987
849 975
851 871
851 904
851 876
852 907
852 982
852 858
853 857
854 948
854 939
854 884
855 988
856 933
858 976
859 862
859 965
860 880
860 887
862 931
862 947
863 914
864 870
865 975
867 871
868 964
868 942
868 990
869 938
870 933
870 986
871 996
871 878
871 954
872 933
874 998
875 909
875 956
877 914
878 974
879 898
879 885
880 980
882 936
882 889
883 929
883 906
884 931
884 886
887 966
888 910
889 962
889 966
891 931
891 1000
891 937
892 992
894 997
894 999
894 940
894 959
895 917
896 997
896 902
896 917
897 933
897 966
898 921
899 982
900 962
901 958
902 962
902 982
905 908
906 908
906 948
908 915
909 966
909 989
910 912
911 948
912 936
912 973
913 986
916 969
917 961
917 929
918 980
921 976
923 998
923 970
923 983
924 947
924 951
925 941
925 964
930 999
930 976
931 976
931 986
935 977
938 969
939 963
944 993
944 955
947 950
948 978
951 965
952 976
953 969
955 961
957 994
958 968
959 973
963 993
966 967
972 996
974 994
976 996
977 993
